time	time	departures_all	arrivals_all	stuck_all	en-route_all	departures_av	arrivals_av	stuck_av	en-route_av	departures_bike	arrivals_bike	stuck_bike	en-route_bike	departures_car	arrivals_car	stuck_car	en-route_car	departures_pt	arrivals_pt	stuck_pt	en-route_pt	departures_walk	arrivals_walk	stuck_walk	en-route_walk
00:00:00	0	0	0	0	0	0	0	0	0	0	0	0	0	0	0	0	0	0	0	0	0	0	0	0	0
00:05:00	300	0	0	0	0	0	0	0	0	0	0	0	0	0	0	0	0	0	0	0	0	0	0	0	0
00:10:00	600	0	0	0	0	0	0	0	0	0	0	0	0	0	0	0	0	0	0	0	0	0	0	0	0
00:15:00	900	0	0	0	0	0	0	0	0	0	0	0	0	0	0	0	0	0	0	0	0	0	0	0	0
00:20:00	1200	0	0	0	0	0	0	0	0	0	0	0	0	0	0	0	0	0	0	0	0	0	0	0	0
00:25:00	1500	0	0	0	0	0	0	0	0	0	0	0	0	0	0	0	0	0	0	0	0	0	0	0	0
00:30:00	1800	0	0	0	0	0	0	0	0	0	0	0	0	0	0	0	0	0	0	0	0	0	0	0	0
00:35:00	2100	0	0	0	0	0	0	0	0	0	0	0	0	0	0	0	0	0	0	0	0	0	0	0	0
00:40:00	2400	0	0	0	0	0	0	0	0	0	0	0	0	0	0	0	0	0	0	0	0	0	0	0	0
00:45:00	2700	0	0	0	0	0	0	0	0	0	0	0	0	0	0	0	0	0	0	0	0	0	0	0	0
00:50:00	3000	0	0	0	0	0	0	0	0	0	0	0	0	0	0	0	0	0	0	0	0	0	0	0	0
00:55:00	3300	0	0	0	0	0	0	0	0	0	0	0	0	0	0	0	0	0	0	0	0	0	0	0	0
01:00:00	3600	0	0	0	0	0	0	0	0	0	0	0	0	0	0	0	0	0	0	0	0	0	0	0	0
01:05:00	3900	0	0	0	0	0	0	0	0	0	0	0	0	0	0	0	0	0	0	0	0	0	0	0	0
01:10:00	4200	3	0	0	3	0	0	0	0	0	0	0	0	1	0	0	1	2	0	0	2	0	0	0	0
01:15:00	4500	1	1	0	3	0	0	0	0	0	0	0	0	1	1	0	1	0	0	0	2	0	0	0	0
01:20:00	4800	0	0	0	3	0	0	0	0	0	0	0	0	0	0	0	1	0	0	0	2	0	0	0	0
01:25:00	5100	3	0	0	6	1	0	0	1	0	0	0	0	2	0	0	3	0	0	0	2	0	0	0	0
01:30:00	5400	2	2	0	6	1	0	0	2	0	0	0	0	1	2	0	2	0	0	0	2	0	0	0	0
01:35:00	5700	0	2	0	4	0	0	0	2	0	0	0	0	0	1	0	1	0	1	0	1	0	0	0	0
01:40:00	6000	0	0	0	4	0	0	0	2	0	0	0	0	0	0	0	1	0	0	0	1	0	0	0	0
01:45:00	6300	0	1	0	3	0	0	0	2	0	0	0	0	0	1	0	0	0	0	0	1	0	0	0	0
01:50:00	6600	0	1	0	2	0	1	0	1	0	0	0	0	0	0	0	0	0	0	0	1	0	0	0	0
01:55:00	6900	1	2	0	1	0	1	0	0	0	0	0	0	1	0	0	1	0	1	0	0	0	0	0	0
02:00:00	7200	2	0	0	3	0	0	0	0	0	0	0	0	1	0	0	2	0	0	0	0	1	0	0	1
02:05:00	7500	0	0	0	3	0	0	0	0	0	0	0	0	0	0	0	2	0	0	0	0	0	0	0	1
02:10:00	7800	0	1	0	2	0	0	0	0	0	0	0	0	0	1	0	1	0	0	0	0	0	0	0	1
02:15:00	8100	1	1	0	2	0	0	0	0	0	0	0	0	1	1	0	1	0	0	0	0	0	0	0	1
02:20:00	8400	1	1	0	2	0	0	0	0	1	0	0	1	0	1	0	0	0	0	0	0	0	0	0	1
02:25:00	8700	0	0	0	2	0	0	0	0	0	0	0	1	0	0	0	0	0	0	0	0	0	0	0	1
02:30:00	9000	0	0	0	2	0	0	0	0	0	0	0	1	0	0	0	0	0	0	0	0	0	0	0	1
02:35:00	9300	1	1	0	2	1	0	0	1	0	1	0	0	0	0	0	0	0	0	0	0	0	0	0	1
02:40:00	9600	0	0	0	2	0	0	0	1	0	0	0	0	0	0	0	0	0	0	0	0	0	0	0	1
02:45:00	9900	1	0	0	3	0	0	0	1	1	0	0	1	0	0	0	0	0	0	0	0	0	0	0	1
02:50:00	10200	4	0	0	7	0	0	0	1	0	0	0	1	4	0	0	4	0	0	0	0	0	0	0	1
02:55:00	10500	1	2	0	6	0	1	0	0	0	0	0	1	1	1	0	4	0	0	0	0	0	0	0	1
03:00:00	10800	0	0	0	6	0	0	0	0	0	0	0	1	0	0	0	4	0	0	0	0	0	0	0	1
03:05:00	11100	2	1	0	7	0	0	0	0	0	0	0	1	1	1	0	4	0	0	0	0	1	0	0	2
03:10:00	11400	1	1	0	7	0	0	0	0	0	0	0	1	0	1	0	3	1	0	0	1	0	0	0	2
03:15:00	11700	2	1	0	8	0	0	0	0	1	0	0	2	1	1	0	3	0	0	0	1	0	0	0	2
03:20:00	12000	1	1	0	8	0	0	0	0	0	0	0	2	1	1	0	3	0	0	0	1	0	0	0	2
03:25:00	12300	3	2	0	9	0	0	0	0	0	0	0	2	2	1	0	4	0	0	0	1	1	1	0	2
03:30:00	12600	2	3	0	8	0	0	0	0	0	0	0	2	2	3	0	3	0	0	0	1	0	0	0	2
03:35:00	12900	1	3	0	6	0	0	0	0	1	1	0	2	0	2	0	1	0	0	0	1	0	0	0	2
03:40:00	13200	3	1	0	8	0	0	0	0	0	0	0	2	3	1	0	3	0	0	0	1	0	0	0	2
03:45:00	13500	7	3	0	12	0	0	0	0	1	0	0	3	2	2	0	3	2	1	0	2	2	0	0	4
03:50:00	13800	7	1	0	18	1	0	0	1	0	1	0	2	5	0	0	8	1	0	0	3	0	0	0	4
03:55:00	14100	8	3	0	23	0	0	0	1	0	0	0	2	5	3	0	10	0	0	0	3	3	0	0	7
04:00:00	14400	10	4	0	29	0	0	0	1	0	1	0	1	7	3	0	14	2	0	0	5	1	0	0	8
04:05:00	14700	4	3	0	30	0	0	0	1	0	1	0	0	4	1	0	17	0	0	0	5	0	1	0	7
04:10:00	15000	4	5	0	29	1	0	0	2	1	0	0	1	1	2	0	16	0	2	0	3	1	1	0	7
04:15:00	15300	10	6	0	33	1	0	0	3	0	0	0	1	7	6	0	17	0	0	0	3	2	0	0	9
04:20:00	15600	10	6	0	37	0	0	0	3	1	0	0	2	6	4	0	19	1	0	0	4	2	2	0	9
04:25:00	15900	9	13	0	33	0	1	0	2	2	1	0	3	2	8	0	13	2	0	0	6	3	3	0	9
04:30:00	16200	10	7	0	36	0	0	0	2	1	0	0	4	4	4	0	13	1	0	0	7	4	3	0	10
04:35:00	16500	6	7	0	35	1	1	0	2	1	0	0	5	4	4	0	13	0	1	0	6	0	1	0	9
04:40:00	16800	9	13	0	31	3	1	0	4	1	1	0	5	3	8	0	8	1	1	0	6	1	2	0	8
04:45:00	17100	8	7	0	32	1	2	0	3	0	2	0	3	3	2	0	9	2	1	0	7	2	0	0	10
04:50:00	17400	9	5	0	36	0	2	0	1	1	0	0	4	6	2	0	13	1	0	0	8	1	1	0	10
04:55:00	17700	16	6	0	46	0	1	0	0	1	1	0	4	8	3	0	18	6	1	0	13	1	0	0	11
05:00:00	18000	15	9	0	52	3	0	0	3	0	1	0	3	7	6	0	19	3	0	0	16	2	2	0	11
05:05:00	18300	23	11	0	64	1	1	0	3	6	0	0	9	12	9	0	22	2	0	0	18	2	1	0	12
05:10:00	18600	23	11	0	76	1	0	0	4	0	2	0	7	11	8	0	25	6	0	0	24	5	1	0	16
05:15:00	18900	43	11	0	108	0	1	0	3	5	0	0	12	23	9	0	39	10	0	0	34	5	1	0	20
05:20:00	19200	42	21	0	129	2	2	0	3	6	0	0	18	22	15	0	46	8	3	0	39	4	1	0	23
05:25:00	19500	57	30	0	156	3	0	0	6	4	3	0	19	36	18	0	64	9	4	0	44	5	5	0	23
05:30:00	19800	52	32	0	176	5	2	0	9	4	4	0	19	24	23	0	65	13	1	0	56	6	2	0	27
05:35:00	20100	54	31	0	199	1	0	0	10	5	1	0	23	26	25	0	66	16	4	0	68	6	1	0	32
05:40:00	20400	51	29	0	221	1	0	0	11	4	3	0	24	31	20	0	77	11	2	0	77	4	4	0	32
05:45:00	20700	79	37	0	263	3	0	0	14	7	6	0	25	35	21	0	91	23	3	0	97	11	7	0	36
05:50:00	21000	86	50	0	299	4	1	0	17	8	3	0	30	36	29	0	98	25	9	0	113	13	8	0	41
05:55:00	21300	95	40	0	354	5	2	0	20	8	5	0	33	42	25	0	115	29	6	0	136	11	2	0	50
06:00:00	21600	97	51	0	400	6	3	0	23	8	2	0	39	46	35	0	126	29	5	0	160	8	6	0	52
06:05:00	21900	104	67	0	437	4	3	0	24	10	9	0	40	43	35	0	134	36	11	0	185	11	9	0	54
06:10:00	22200	135	54	0	518	5	0	0	29	8	6	0	42	66	33	0	167	38	8	0	215	18	7	0	65
06:15:00	22500	146	91	0	573	8	3	0	34	11	8	0	45	74	53	0	188	36	11	0	240	17	16	0	66
06:20:00	22800	167	88	0	652	9	2	0	41	9	11	0	43	84	44	0	228	41	19	0	262	24	12	0	78
06:25:00	23100	165	104	0	713	10	2	0	49	19	9	0	53	85	59	0	254	33	21	0	274	18	13	0	83
06:30:00	23400	195	110	0	798	5	2	0	52	16	8	0	61	88	64	0	278	64	21	0	317	22	15	0	90
06:35:00	23700	193	136	0	855	7	1	0	58	24	12	0	73	92	77	0	293	56	25	0	348	14	21	0	83
06:40:00	24000	223	134	0	944	5	0	0	63	24	17	0	80	107	80	0	320	61	25	0	384	26	12	0	97
06:45:00	24300	237	166	0	1015	8	0	0	71	27	16	0	91	101	94	0	327	71	36	0	419	30	20	0	107
06:50:00	24600	226	170	0	1071	10	0	0	81	31	21	0	101	91	104	0	314	65	33	0	451	29	12	0	124
06:55:00	24900	264	199	0	1136	6	2	0	85	39	34	0	106	104	95	0	323	88	38	0	501	27	30	0	121
07:00:00	25200	279	180	0	1235	11	3	0	93	42	30	0	118	110	82	0	351	75	46	0	530	41	19	0	143
07:05:00	25500	282	203	0	1314	7	1	0	99	34	27	0	125	127	87	0	391	65	64	0	531	49	24	0	168
07:10:00	25800	293	221	0	1386	8	5	0	102	40	38	0	127	123	94	0	420	73	57	0	547	49	27	0	190
07:15:00	26100	318	262	0	1442	13	0	0	115	31	41	0	117	136	119	0	437	83	65	0	565	55	37	0	208
07:20:00	26400	264	251	0	1455	12	2	0	125	34	35	0	116	108	109	0	436	66	57	0	574	44	48	0	204
07:25:00	26700	273	261	0	1467	7	8	0	124	48	38	0	126	104	108	0	432	68	66	0	576	46	41	0	209
07:30:00	27000	303	280	0	1490	6	6	0	124	37	43	0	120	109	111	0	430	82	82	0	576	69	38	0	240
07:35:00	27300	270	256	0	1504	12	2	0	134	31	27	0	124	103	108	0	425	50	72	0	554	74	47	0	267
07:40:00	27600	294	318	0	1480	12	12	0	134	40	39	0	125	116	120	0	421	62	83	0	533	64	64	0	267
07:45:00	27900	321	310	0	1491	18	4	0	148	40	38	0	127	105	129	0	397	62	79	0	516	96	60	0	303
07:50:00	28200	318	330	0	1479	10	11	0	147	46	43	0	130	111	121	0	387	63	83	0	496	88	72	0	319
07:55:00	28500	295	319	0	1455	11	8	0	150	47	33	0	144	92	112	0	367	52	86	0	462	93	80	0	332
08:00:00	28800	283	348	0	1390	9	7	0	152	26	39	0	131	98	123	0	342	56	82	0	436	94	97	0	329
08:05:00	29100	286	348	0	1328	10	8	0	154	41	40	0	132	83	128	0	297	53	79	0	410	99	93	0	335
08:10:00	29400	255	305	0	1278	8	8	0	154	21	42	0	111	81	91	0	287	51	60	0	401	94	104	0	325
08:15:00	29700	192	286	0	1184	7	7	0	154	38	40	0	109	54	90	0	251	35	68	0	368	58	81	0	302
08:20:00	30000	196	257	0	1123	5	3	0	156	30	31	0	108	71	92	0	230	32	53	0	347	58	78	0	282
08:25:00	30300	197	246	0	1074	6	4	0	158	29	25	0	112	62	82	0	210	38	62	0	323	62	73	0	271
08:30:00	30600	186	224	0	1036	1	7	0	152	27	26	0	113	67	80	0	197	34	41	0	316	57	70	0	258
08:35:00	30900	186	226	0	996	7	2	0	157	17	32	0	98	68	81	0	184	36	50	0	302	58	61	0	255
08:40:00	31200	204	216	0	984	10	9	0	158	25	33	0	90	68	69	0	183	45	50	0	297	56	55	0	256
08:45:00	31500	240	260	0	964	10	10	0	158	28	31	0	87	91	83	0	191	43	65	0	275	68	71	0	253
08:50:00	31800	224	248	0	940	8	7	0	159	30	29	0	88	99	91	0	199	25	54	0	246	62	67	0	248
08:55:00	32100	242	226	0	956	9	4	0	164	32	18	0	102	93	87	0	205	48	53	0	241	60	64	0	244
09:00:00	32400	259	247	0	968	6	2	0	168	32	34	0	100	98	95	0	208	44	43	0	242	79	73	0	250
09:05:00	32700	234	238	0	964	7	6	0	169	26	44	0	82	92	79	0	221	38	37	0	243	71	72	0	249
09:10:00	33000	256	247	0	973	10	4	0	175	25	30	0	77	101	96	0	226	46	38	0	251	74	79	0	244
09:15:00	33300	161	234	0	900	8	3	0	180	22	30	0	69	58	88	0	196	24	41	0	234	49	72	0	221
09:20:00	33600	168	220	0	848	6	7	0	179	14	23	0	60	68	78	0	186	27	40	0	221	53	72	0	202
09:25:00	33900	194	222	0	820	8	4	0	183	29	31	0	58	66	73	0	179	32	50	0	203	59	64	0	197
09:30:00	34200	202	193	0	829	10	2	0	191	22	24	0	56	75	77	0	177	30	41	0	192	65	49	0	213
09:35:00	34500	173	205	0	797	4	2	0	193	20	17	0	59	71	94	0	154	32	43	0	181	46	49	0	210
09:40:00	34800	169	203	0	763	3	4	0	192	20	26	0	53	55	63	0	146	36	40	0	177	55	70	0	195
09:45:00	35100	236	206	0	793	10	7	0	195	34	22	0	65	91	79	0	158	35	31	0	181	66	67	0	194
09:50:00	35400	247	188	0	852	8	5	0	198	19	23	0	61	98	66	0	190	54	28	0	207	68	66	0	196
09:55:00	35700	237	221	0	868	4	9	0	193	21	26	0	56	81	78	0	193	49	36	0	220	82	72	0	206
10:00:00	36000	276	244	0	900	8	5	0	196	35	25	0	66	100	93	0	200	43	44	0	219	90	77	0	219
10:05:00	36300	242	223	0	919	8	1	0	203	22	18	0	70	103	97	0	206	34	33	0	220	75	74	0	220
10:10:00	36600	273	269	0	923	11	4	0	210	31	36	0	65	104	95	0	215	40	39	0	221	87	95	0	212
10:15:00	36900	180	237	0	866	4	6	0	208	26	29	0	62	71	91	0	195	18	38	0	201	61	73	0	200
10:20:00	37200	180	215	0	831	8	5	0	211	17	20	0	59	85	84	0	196	21	46	0	176	49	60	0	189
10:25:00	37500	186	192	0	825	2	4	0	209	27	27	0	59	80	77	0	199	19	34	0	161	58	50	0	197
10:30:00	37800	159	204	0	780	3	3	0	209	20	15	0	64	56	78	0	177	19	38	0	142	61	70	0	188
10:35:00	38100	180	215	0	745	5	10	0	204	21	26	0	59	71	92	0	156	25	31	0	136	58	56	0	190
10:40:00	38400	172	196	0	721	6	5	0	205	19	27	0	51	64	66	0	154	30	24	0	142	53	74	0	169
10:45:00	38700	235	183	0	773	7	10	0	202	18	20	0	49	89	71	0	172	43	28	0	157	78	54	0	193
10:50:00	39000	199	204	0	768	5	3	0	204	19	21	0	47	83	90	0	165	27	31	0	153	65	59	0	199
10:55:00	39300	189	185	0	772	2	4	0	202	29	24	0	52	76	72	0	169	31	28	0	156	51	57	0	193
11:00:00	39600	220	180	0	812	6	3	0	205	23	17	0	58	87	73	0	183	42	23	0	175	62	64	0	191
11:05:00	39900	228	206	0	834	6	2	0	209	21	26	0	53	85	78	0	190	42	24	0	193	74	76	0	189
11:10:00	40200	224	197	0	861	7	4	0	212	29	22	0	60	93	85	0	198	38	31	0	200	57	55	0	191
11:15:00	40500	247	217	0	891	10	4	0	218	24	27	0	57	73	83	0	188	50	32	0	218	90	71	0	210
11:20:00	40800	203	201	0	893	2	8	0	212	24	20	0	61	62	78	0	172	47	29	0	236	68	66	0	212
11:25:00	41100	224	230	0	887	5	6	0	211	24	22	0	63	67	71	0	168	38	44	0	230	90	87	0	215
11:30:00	41400	279	216	0	950	13	5	0	219	43	26	0	80	78	75	0	171	49	31	0	248	96	79	0	232
11:35:00	41700	346	255	0	1041	13	6	0	226	53	48	0	85	111	82	0	200	51	50	0	249	118	69	0	281
11:40:00	42000	336	299	0	1078	25	12	0	239	58	48	0	95	76	91	0	185	54	44	0	259	123	104	0	300
11:45:00	42300	493	314	0	1257	24	5	0	258	65	57	0	103	151	90	0	246	75	49	0	285	178	113	0	365
11:50:00	42600	493	396	0	1354	21	6	0	273	65	52	0	116	150	118	0	278	76	62	0	299	181	158	0	388
11:55:00	42900	536	401	0	1489	19	8	0	284	71	48	0	139	189	125	0	342	64	53	0	310	193	167	0	414
12:00:00	43200	459	420	0	1528	19	2	0	301	48	63	0	124	134	117	0	359	65	70	0	305	193	168	0	439
12:05:00	43500	409	411	0	1526	13	12	0	302	43	48	0	119	142	137	0	364	63	45	0	323	148	169	0	418
12:10:00	43800	420	416	0	1530	23	15	0	310	40	43	0	116	159	135	0	388	66	59	0	330	132	164	0	386
12:15:00	44100	226	395	0	1361	9	8	0	311	20	49	0	87	83	132	0	339	36	59	0	307	78	147	0	317
12:20:00	44400	208	329	0	1240	14	10	0	315	23	38	0	72	53	124	0	268	36	55	0	288	82	102	0	297
12:25:00	44700	182	288	0	1134	6	10	0	311	23	32	0	63	60	85	0	243	25	53	0	260	68	108	0	257
12:30:00	45000	221	276	0	1079	6	6	0	311	34	25	0	72	73	99	0	217	32	50	0	242	76	96	0	237
12:35:00	45300	274	255	0	1098	9	7	0	313	29	30	0	71	93	86	0	224	46	48	0	240	97	84	0	250
12:40:00	45600	218	252	0	1064	9	2	0	320	26	16	0	81	81	93	0	212	31	47	0	224	71	94	0	227
12:45:00	45900	331	273	0	1122	14	5	0	329	35	36	0	80	131	96	0	247	46	42	0	228	105	94	0	238
12:50:00	46200	310	277	0	1155	7	3	0	333	40	36	0	84	124	110	0	261	55	45	0	238	84	83	0	239
12:55:00	46500	341	296	0	1200	15	2	0	346	31	32	0	83	123	110	0	274	58	57	0	239	114	95	0	258
13:00:00	46800	357	282	0	1275	11	6	0	351	45	30	0	98	128	95	0	307	62	44	0	257	111	107	0	262
13:05:00	47100	348	279	0	1344	9	3	0	357	45	38	0	105	119	116	0	310	56	39	0	274	119	83	0	298
13:10:00	47400	361	301	0	1404	14	8	0	363	50	46	0	109	153	103	0	360	40	45	0	269	104	99	0	303
13:15:00	47700	331	329	0	1406	10	2	0	371	48	45	0	112	107	114	0	353	55	57	0	267	111	111	0	303
13:20:00	48000	314	302	0	1418	10	2	0	379	45	35	0	122	88	117	0	324	51	46	0	272	120	102	0	321
13:25:00	48300	309	329	0	1398	10	6	0	383	48	51	0	119	110	122	0	312	38	42	0	268	103	108	0	316
13:30:00	48600	260	300	0	1358	12	6	0	389	30	49	0	100	80	107	0	285	48	43	0	273	90	95	0	311
13:35:00	48900	250	280	0	1328	13	6	0	396	22	34	0	88	100	105	0	280	42	49	0	266	73	86	0	298
13:40:00	49200	248	277	0	1299	10	10	0	396	30	24	0	94	95	116	0	259	32	47	0	251	81	80	0	299
13:45:00	49500	271	289	0	1281	9	2	0	403	33	37	0	90	97	100	0	256	44	54	0	241	88	96	0	291
13:50:00	49800	264	258	0	1287	6	5	0	404	35	23	0	102	103	105	0	254	34	36	0	239	86	89	0	288
13:55:00	50100	258	275	0	1270	11	5	0	410	33	32	0	103	104	97	0	261	43	49	0	233	67	92	0	263
14:00:00	50400	272	243	0	1299	11	11	0	410	33	29	0	107	117	97	0	281	40	38	0	235	71	68	0	266
14:05:00	50700	249	267	0	1281	14	19	0	405	20	32	0	95	98	96	0	283	35	39	0	231	82	81	0	267
14:10:00	51000	266	278	0	1269	22	34	0	393	33	24	0	104	79	95	0	267	37	48	0	220	95	77	0	285
14:15:00	51300	178	262	0	1185	8	16	0	385	16	28	0	92	71	97	0	241	38	38	0	220	45	83	0	247
14:20:00	51600	209	254	0	1140	9	22	0	372	17	30	0	79	79	83	0	237	43	37	0	226	61	82	0	226
14:25:00	51900	196	233	0	1103	11	19	0	364	20	21	0	78	75	92	0	220	30	37	0	219	60	64	0	222
14:30:00	52200	170	217	0	1056	12	20	0	356	24	26	0	76	70	79	0	211	25	37	0	207	39	55	0	206
14:35:00	52500	198	229	0	1025	11	15	0	352	26	25	0	77	83	91	0	203	38	38	0	207	40	60	0	186
14:40:00	52800	168	194	0	999	10	10	0	352	19	22	0	74	75	79	0	199	18	35	0	190	46	48	0	184
14:45:00	53100	246	226	0	1019	13	18	0	347	34	30	0	78	81	73	0	207	35	36	0	189	83	69	0	198
14:50:00	53400	249	217	0	1051	16	19	0	344	31	31	0	78	93	79	0	221	39	30	0	198	70	58	0	210
14:55:00	53700	256	244	0	1063	11	23	0	332	30	31	0	77	92	88	0	225	45	34	0	209	78	68	0	220
15:00:00	54000	284	249	0	1098	10	24	0	318	43	34	0	86	106	83	0	248	47	41	0	215	78	67	0	231
15:05:00	54300	255	250	0	1103	14	26	0	306	27	36	0	77	101	78	0	271	49	30	0	234	64	80	0	215
15:10:00	54600	263	285	0	1081	11	16	0	301	34	36	0	75	90	103	0	258	55	53	0	236	73	77	0	211
15:15:00	54900	233	250	0	1064	7	13	0	295	34	37	0	72	79	107	0	230	35	24	0	247	78	69	0	220
15:20:00	55200	238	266	0	1036	8	14	0	289	26	30	0	68	83	91	0	222	47	44	0	250	74	87	0	207
15:25:00	55500	225	244	0	1017	12	26	0	275	19	24	0	63	87	94	0	215	34	36	0	248	73	64	0	216
15:30:00	55800	231	241	0	1007	9	23	0	261	33	32	0	64	71	87	0	199	45	35	0	258	73	64	0	225
15:35:00	56100	243	261	0	989	8	20	0	249	40	23	0	81	80	79	0	200	40	54	0	244	75	85	0	215
15:40:00	56400	217	227	0	979	11	11	0	249	30	27	0	84	79	85	0	194	35	44	0	235	62	60	0	217
15:45:00	56700	323	223	0	1079	7	6	0	250	37	34	0	87	108	90	0	212	76	30	0	281	95	63	0	249
15:50:00	57000	287	248	0	1118	7	10	0	247	32	31	0	88	117	85	0	244	54	53	0	282	77	69	0	257
15:55:00	57300	323	271	0	1170	8	9	0	246	46	46	0	88	98	82	0	260	77	44	0	315	94	90	0	261
16:00:00	57600	341	270	0	1241	10	19	0	237	32	38	0	82	120	83	0	297	76	41	0	350	103	89	0	275
16:05:00	57900	357	295	0	1303	9	14	0	232	42	30	0	94	129	104	0	322	74	50	0	374	103	97	0	281
16:10:00	58200	340	301	0	1342	20	23	0	229	41	24	0	111	135	106	0	351	70	46	0	398	74	102	0	253
16:15:00	58500	256	263	0	1335	20	18	0	231	18	34	0	95	100	99	0	352	44	40	0	402	74	72	0	255
16:20:00	58800	329	290	0	1374	9	14	0	226	39	32	0	102	130	105	0	377	64	62	0	404	87	77	0	265
16:25:00	59100	265	295	0	1344	19	15	0	230	22	23	0	101	95	129	0	343	55	53	0	406	74	75	0	264
16:30:00	59400	303	271	0	1376	12	12	0	230	38	38	0	101	108	78	0	373	68	71	0	403	77	72	0	269
16:35:00	59700	279	282	0	1373	19	10	0	239	29	33	0	97	114	102	0	385	54	57	0	400	63	80	0	252
16:40:00	60000	271	281	0	1363	7	8	0	238	33	24	0	106	109	126	0	368	52	46	0	406	70	77	0	245
16:45:00	60300	399	296	0	1466	19	13	0	244	47	37	0	116	162	103	0	427	79	67	0	418	92	76	0	261
16:50:00	60600	374	300	0	1540	16	10	0	250	48	33	0	131	154	127	0	454	72	57	0	433	84	73	0	272
16:55:00	60900	364	329	0	1575	4	4	0	250	46	38	0	139	146	138	0	462	86	63	0	456	82	86	0	268
17:00:00	61200	398	295	0	1678	8	4	0	254	44	38	0	145	180	116	0	526	86	62	0	480	80	75	0	273
17:05:00	61500	417	327	0	1768	18	7	0	265	51	38	0	158	175	139	0	562	82	47	0	515	91	96	0	268
17:10:00	61800	422	338	0	1852	16	10	0	271	61	49	0	170	177	125	0	614	82	68	0	529	86	86	0	268
17:15:00	62100	302	345	0	1809	14	7	0	278	39	48	0	161	137	154	0	597	48	63	0	514	64	73	0	259
17:20:00	62400	322	360	0	1771	9	8	0	279	32	51	0	142	158	163	0	592	75	65	0	524	48	73	0	234
17:25:00	62700	310	321	0	1760	7	12	0	274	30	47	0	125	143	143	0	592	66	64	0	526	64	55	0	243
17:30:00	63000	324	330	0	1754	7	5	0	276	30	29	0	126	154	165	0	581	64	68	0	522	69	63	0	249
17:35:00	63300	293	324	0	1723	2	2	0	276	30	35	0	121	127	155	0	553	56	63	0	515	78	69	0	258
17:40:00	63600	279	298	0	1704	4	9	0	271	38	37	0	122	136	146	0	543	55	57	0	513	46	49	0	255
17:45:00	63900	313	313	0	1704	6	3	0	274	39	32	0	129	132	142	0	533	54	69	0	498	82	67	0	270
17:50:00	64200	322	344	0	1682	9	7	0	276	39	44	0	124	163	155	0	541	42	68	0	472	69	70	0	269
17:55:00	64500	346	340	0	1688	14	6	0	284	41	38	0	127	159	139	0	561	62	83	0	451	70	74	0	265
18:00:00	64800	310	329	0	1669	9	7	0	286	37	38	0	126	137	147	0	551	62	71	0	442	65	66	0	264
18:05:00	65100	302	286	0	1685	10	6	0	290	38	31	0	133	125	120	0	556	63	64	0	441	66	65	0	265
18:10:00	65400	296	328	0	1653	4	8	0	286	43	39	0	137	127	150	0	533	59	73	0	427	63	58	0	270
18:15:00	65700	246	296	0	1603	7	12	0	281	19	35	0	121	109	130	0	512	47	59	0	415	64	60	0	274
18:20:00	66000	267	310	0	1560	12	14	0	279	28	29	0	120	127	146	0	493	40	58	0	397	60	63	0	271
18:25:00	66300	286	309	0	1537	13	24	0	268	36	28	0	128	125	133	0	485	56	53	0	400	56	71	0	256
18:30:00	66600	235	283	0	1489	14	21	0	261	33	37	0	124	105	115	0	475	38	46	0	392	45	64	0	237
18:35:00	66900	230	278	0	1441	8	20	0	249	28	32	0	120	92	120	0	447	46	55	0	383	56	51	0	242
18:40:00	67200	219	292	0	1368	8	17	0	240	25	32	0	113	92	127	0	412	48	59	0	372	46	57	0	231
18:45:00	67500	220	250	0	1338	8	8	0	240	30	32	0	111	103	125	0	390	42	47	0	367	37	38	0	230
18:50:00	67800	227	277	0	1288	13	17	0	236	29	26	0	114	98	126	0	362	42	52	0	357	45	56	0	219
18:55:00	68100	216	271	0	1233	8	11	0	233	22	34	0	102	93	120	0	335	34	57	0	334	59	49	0	229
19:00:00	68400	205	250	0	1188	8	5	0	236	19	26	0	95	100	112	0	323	38	53	0	319	40	54	0	215
19:05:00	68700	212	246	0	1154	8	4	0	240	30	28	0	97	100	116	0	307	31	56	0	294	43	42	0	216
19:10:00	69000	213	231	0	1136	6	13	0	233	25	28	0	94	92	103	0	296	33	37	0	290	57	50	0	223
19:15:00	69300	155	241	0	1050	4	11	0	226	11	29	0	76	77	111	0	262	28	43	0	275	35	47	0	211
19:20:00	69600	147	203	0	994	6	7	0	225	18	18	0	76	63	97	0	228	29	42	0	262	31	39	0	203
19:25:00	69900	151	188	0	957	5	9	0	221	16	18	0	74	82	85	0	225	20	45	0	237	28	31	0	200
19:30:00	70200	156	196	0	917	11	14	0	218	17	18	0	73	65	74	0	216	23	47	0	213	40	43	0	197
19:35:00	70500	135	198	0	854	3	6	0	215	24	23	0	74	57	98	0	175	20	33	0	200	31	38	0	190
19:40:00	70800	157	183	0	828	3	7	0	211	15	18	0	71	74	79	0	170	23	35	0	188	42	44	0	188
19:45:00	71100	148	141	0	835	1	3	0	209	16	12	0	75	79	67	0	182	17	26	0	179	35	33	0	190
19:50:00	71400	144	194	0	785	6	8	0	207	15	20	0	70	65	92	0	155	22	25	0	176	36	49	0	177
19:55:00	71700	137	173	0	749	4	7	0	204	14	17	0	67	57	76	0	136	20	31	0	165	42	42	0	177
20:00:00	72000	148	172	0	725	5	16	0	193	13	20	0	60	78	74	0	140	20	30	0	155	32	32	0	177
20:05:00	72300	153	144	0	734	5	9	0	189	21	12	0	69	73	64	0	149	24	23	0	156	30	36	0	171
20:10:00	72600	131	170	0	695	7	10	0	186	21	22	0	68	59	71	0	137	18	24	0	150	26	43	0	154
20:15:00	72900	110	137	0	668	2	7	0	181	13	20	0	61	51	65	0	123	19	25	0	144	25	20	0	159
20:20:00	73200	107	146	0	629	9	14	0	176	11	13	0	59	51	61	0	113	12	28	0	128	24	30	0	153
20:25:00	73500	96	143	0	582	4	8	0	172	12	17	0	54	49	50	0	112	12	31	0	109	19	37	0	135
20:30:00	73800	73	122	0	533	5	17	0	160	11	14	0	51	34	45	0	101	12	22	0	99	11	24	0	122
20:35:00	74100	79	111	0	501	1	18	0	143	11	17	0	45	40	44	0	97	11	14	0	96	16	18	0	120
20:40:00	74400	78	103	0	476	3	14	0	132	8	16	0	37	32	43	0	86	16	12	0	100	19	18	0	121
20:45:00	74700	88	83	0	481	1	6	0	127	7	8	0	36	45	39	0	92	15	8	0	107	20	22	0	119
20:50:00	75000	77	103	0	455	6	9	0	124	9	11	0	34	35	43	0	84	9	18	0	98	18	22	0	115
20:55:00	75300	64	83	0	436	2	3	0	123	3	9	0	28	35	35	0	84	9	21	0	86	15	15	0	115
21:00:00	75600	101	94	0	443	3	3	0	123	11	7	0	32	50	40	0	94	14	21	0	79	23	23	0	115
21:05:00	75900	80	97	0	426	3	8	0	118	9	9	0	32	37	42	0	89	15	13	0	81	16	25	0	106
21:10:00	76200	91	71	0	446	1	2	0	117	10	3	0	39	47	43	0	93	15	11	0	85	18	12	0	112
21:15:00	76500	56	67	0	435	2	1	0	118	7	10	0	36	27	34	0	86	8	9	0	84	12	13	0	111
21:20:00	76800	60	73	0	422	0	1	0	117	10	10	0	36	26	36	0	76	7	9	0	82	17	17	0	111
21:25:00	77100	58	78	0	402	2	1	0	118	9	9	0	36	30	37	0	69	3	11	0	74	14	20	0	105
21:30:00	77400	77	60	0	419	2	2	0	118	5	5	0	36	45	29	0	85	12	10	0	76	13	14	0	104
21:35:00	77700	64	83	0	400	1	2	0	117	6	6	0	36	35	43	0	77	8	14	0	70	14	18	0	100
21:40:00	78000	63	70	0	393	1	1	0	117	7	9	0	34	33	37	0	73	6	13	0	63	16	10	0	106
21:45:00	78300	88	72	0	409	1	3	0	115	8	8	0	34	36	34	0	75	18	10	0	71	25	17	0	114
21:50:00	78600	80	75	0	414	1	0	0	116	10	10	0	34	39	36	0	78	16	7	0	80	14	22	0	106
21:55:00	78900	89	74	0	429	3	2	0	117	7	10	0	31	44	32	0	90	19	11	0	88	16	19	0	103
22:00:00	79200	78	85	0	422	2	2	0	117	6	11	0	26	42	43	0	89	18	11	0	95	10	18	0	95
22:05:00	79500	101	66	0	457	2	6	0	113	10	7	0	29	56	31	0	114	10	10	0	95	23	12	0	106
22:10:00	79800	80	87	0	450	5	4	0	114	6	5	0	30	34	53	0	95	18	7	0	106	17	18	0	105
22:15:00	80100	64	70	0	444	0	3	0	111	5	9	0	26	38	37	0	96	7	7	0	106	14	14	0	105
22:20:00	80400	57	72	0	429	3	10	0	104	3	4	0	25	27	32	0	91	8	10	0	104	16	16	0	105
22:25:00	80700	49	80	0	398	0	2	0	102	4	6	0	23	29	35	0	85	5	19	0	90	11	18	0	98
22:30:00	81000	46	73	0	371	0	2	0	100	10	5	0	28	23	42	0	66	3	9	0	84	10	15	0	93
22:35:00	81300	51	72	0	350	2	8	0	94	4	7	0	25	27	30	0	63	7	17	0	74	11	10	0	94
22:40:00	81600	55	77	0	328	1	6	0	89	4	4	0	25	28	38	0	53	9	14	0	69	13	15	0	92
22:45:00	81900	57	63	0	322	7	6	0	90	4	4	0	25	32	25	0	60	2	14	0	57	12	14	0	90
22:50:00	82200	60	71	0	311	1	3	0	88	9	6	0	28	30	32	0	58	9	13	0	53	11	17	0	84
22:55:00	82500	48	68	0	291	0	2	0	86	6	14	0	20	21	23	0	56	8	10	0	51	13	19	0	78
23:00:00	82800	58	57	0	292	1	1	0	86	8	8	0	20	30	29	0	57	9	8	0	52	10	11	0	77
23:05:00	83100	42	49	0	285	2	4	0	84	5	5	0	20	21	23	0	55	5	7	0	50	9	10	0	76
23:10:00	83400	42	59	0	268	0	0	0	84	5	7	0	18	25	29	0	51	6	12	0	44	6	11	0	71
23:15:00	83700	22	35	0	255	1	2	0	83	0	3	0	15	14	21	0	44	2	3	0	43	5	6	0	70
23:20:00	84000	15	40	0	230	1	2	0	82	0	1	0	14	2	19	0	27	4	10	0	37	8	8	0	70
23:25:00	84300	14	40	0	204	0	1	0	81	1	6	0	9	7	18	0	16	3	7	0	33	3	8	0	65
23:30:00	84600	11	23	0	192	0	0	0	81	1	2	0	8	8	10	0	14	2	3	0	32	0	8	0	57
23:35:00	84900	20	25	0	187	1	1	0	81	1	4	0	5	11	8	0	17	0	8	0	24	7	4	0	60
23:40:00	85200	23	27	0	183	1	3	0	79	3	1	0	7	10	12	0	15	3	7	0	20	6	4	0	62
23:45:00	85500	4	31	0	156	0	1	0	78	0	1	0	6	4	10	0	9	0	7	0	13	0	12	0	50
23:50:00	85800	6	16	0	146	1	2	0	77	2	2	0	6	2	3	0	8	0	5	0	8	1	4	0	47
23:55:00	86100	7	14	0	139	0	3	0	74	2	1	0	7	4	6	0	6	0	3	0	5	1	1	0	47
24:00:00	86400	3	13	0	129	1	2	0	73	0	2	0	5	1	4	0	3	0	2	0	3	1	3	0	45
24:05:00	86700	4	13	0	120	1	3	0	71	0	2	0	3	1	3	0	1	1	1	0	3	1	4	0	42
24:10:00	87000	1	4	0	117	1	1	0	71	0	0	0	3	0	1	0	0	0	1	0	2	0	1	0	41
24:15:00	87300	3	3	0	117	0	0	0	71	0	0	0	3	0	0	0	0	1	1	0	2	2	2	0	41
24:20:00	87600	0	6	0	111	0	2	0	69	0	1	0	2	0	0	0	0	0	2	0	0	0	1	0	40
24:25:00	87900	1	3	0	109	0	0	0	69	0	0	0	2	0	0	0	0	0	0	0	0	1	3	0	38
24:30:00	88200	0	1	0	108	0	0	0	69	0	0	0	2	0	0	0	0	0	0	0	0	0	1	0	37
24:35:00	88500	2	4	0	106	0	0	0	69	0	2	0	0	1	0	0	1	0	0	0	0	1	2	0	36
24:40:00	88800	0	1	0	105	0	0	0	69	0	0	0	0	0	1	0	0	0	0	0	0	0	0	0	36
24:45:00	89100	1	5	0	101	0	0	0	69	0	0	0	0	0	0	0	0	0	0	0	0	1	5	0	32
24:50:00	89400	1	5	0	97	1	2	0	68	0	0	0	0	0	0	0	0	0	0	0	0	0	3	0	29
24:55:00	89700	1	3	0	95	0	2	0	66	1	0	0	1	0	0	0	0	0	0	0	0	0	1	0	28
25:00:00	90000	1	7	0	89	0	5	0	61	1	1	0	1	0	0	0	0	0	0	0	0	0	1	0	27
25:05:00	90300	1	2	0	88	0	0	0	61	0	1	0	0	0	0	0	0	0	0	0	0	1	1	0	27
25:10:00	90600	3	8	0	83	3	7	0	57	0	0	0	0	0	0	0	0	0	0	0	0	0	1	0	26
25:15:00	90900	3	7	0	79	3	6	0	54	0	0	0	0	0	0	0	0	0	0	0	0	0	1	0	25
25:20:00	91200	4	9	0	74	2	7	0	49	2	1	0	1	0	0	0	0	0	0	0	0	0	1	0	24
25:25:00	91500	1	6	0	69	0	3	0	46	0	1	0	0	0	0	0	0	0	0	0	0	1	2	0	23
25:30:00	91800	0	3	0	66	0	2	0	44	0	0	0	0	0	0	0	0	0	0	0	0	0	1	0	22
25:35:00	92100	1	3	0	64	0	0	0	44	0	0	0	0	1	1	0	0	0	0	0	0	0	2	0	20
25:40:00	92400	0	4	0	60	0	2	0	42	0	0	0	0	0	0	0	0	0	0	0	0	0	2	0	18
25:45:00	92700	0	1	0	59	0	0	0	42	0	0	0	0	0	0	0	0	0	0	0	0	0	1	0	17
25:50:00	93000	0	1	0	58	0	0	0	42	0	0	0	0	0	0	0	0	0	0	0	0	0	1	0	16
25:55:00	93300	0	1	0	57	0	0	0	42	0	0	0	0	0	0	0	0	0	0	0	0	0	1	0	15
26:00:00	93600	0	1	0	56	0	0	0	42	0	0	0	0	0	0	0	0	0	0	0	0	0	1	0	14
26:05:00	93900	0	0	0	56	0	0	0	42	0	0	0	0	0	0	0	0	0	0	0	0	0	0	0	14
26:10:00	94200	0	0	0	56	0	0	0	42	0	0	0	0	0	0	0	0	0	0	0	0	0	0	0	14
26:15:00	94500	0	0	0	56	0	0	0	42	0	0	0	0	0	0	0	0	0	0	0	0	0	0	0	14
26:20:00	94800	1	1	0	56	0	1	0	41	0	0	0	0	0	0	0	0	0	0	0	0	1	0	0	15
26:25:00	95100	4	5	0	55	4	5	0	40	0	0	0	0	0	0	0	0	0	0	0	0	0	0	0	15
26:30:00	95400	1	2	0	54	0	0	0	40	0	0	0	0	1	1	0	0	0	0	0	0	0	1	0	14
26:35:00	95700	1	3	0	52	1	3	0	38	0	0	0	0	0	0	0	0	0	0	0	0	0	0	0	14
26:40:00	96000	1	2	0	51	1	2	0	37	0	0	0	0	0	0	0	0	0	0	0	0	0	0	0	14
26:45:00	96300	0	0	0	51	0	0	0	37	0	0	0	0	0	0	0	0	0	0	0	0	0	0	0	14
26:50:00	96600	0	0	0	51	0	0	0	37	0	0	0	0	0	0	0	0	0	0	0	0	0	0	0	14
26:55:00	96900	0	0	0	51	0	0	0	37	0	0	0	0	0	0	0	0	0	0	0	0	0	0	0	14
27:00:00	97200	1	2	0	50	1	2	0	36	0	0	0	0	0	0	0	0	0	0	0	0	0	0	0	14
27:05:00	97500	1	1	0	50	1	1	0	36	0	0	0	0	0	0	0	0	0	0	0	0	0	0	0	14
27:10:00	97800	0	1	0	49	0	1	0	35	0	0	0	0	0	0	0	0	0	0	0	0	0	0	0	14
27:15:00	98100	0	2	0	47	0	0	0	35	0	0	0	0	0	0	0	0	0	0	0	0	0	2	0	12
27:20:00	98400	0	1	0	46	0	1	0	34	0	0	0	0	0	0	0	0	0	0	0	0	0	0	0	12
27:25:00	98700	0	1	0	45	0	0	0	34	0	0	0	0	0	0	0	0	0	0	0	0	0	1	0	11
27:30:00	99000	0	1	0	44	0	1	0	33	0	0	0	0	0	0	0	0	0	0	0	0	0	0	0	11
27:35:00	99300	0	1	0	43	0	0	0	33	0	0	0	0	0	0	0	0	0	0	0	0	0	1	0	10
27:40:00	99600	0	0	0	43	0	0	0	33	0	0	0	0	0	0	0	0	0	0	0	0	0	0	0	10
27:45:00	99900	0	1	0	42	0	0	0	33	0	0	0	0	0	0	0	0	0	0	0	0	0	1	0	9
27:50:00	100200	0	0	0	42	0	0	0	33	0	0	0	0	0	0	0	0	0	0	0	0	0	0	0	9
27:55:00	100500	1	1	0	42	1	1	0	33	0	0	0	0	0	0	0	0	0	0	0	0	0	0	0	9
28:00:00	100800	0	1	0	41	0	1	0	32	0	0	0	0	0	0	0	0	0	0	0	0	0	0	0	9
28:05:00	101100	1	1	0	41	1	1	0	32	0	0	0	0	0	0	0	0	0	0	0	0	0	0	0	9
28:10:00	101400	0	0	0	41	0	0	0	32	0	0	0	0	0	0	0	0	0	0	0	0	0	0	0	9
28:15:00	101700	0	0	0	41	0	0	0	32	0	0	0	0	0	0	0	0	0	0	0	0	0	0	0	9
28:20:00	102000	0	0	0	41	0	0	0	32	0	0	0	0	0	0	0	0	0	0	0	0	0	0	0	9
28:25:00	102300	0	3	0	38	0	2	0	30	0	0	0	0	0	0	0	0	0	0	0	0	0	1	0	8
28:30:00	102600	0	1	0	37	0	0	0	30	0	0	0	0	0	0	0	0	0	0	0	0	0	1	0	7
28:35:00	102900	1	1	0	37	1	1	0	30	0	0	0	0	0	0	0	0	0	0	0	0	0	0	0	7
28:40:00	103200	1	2	0	36	1	2	0	29	0	0	0	0	0	0	0	0	0	0	0	0	0	0	0	7
28:45:00	103500	0	1	0	35	0	1	0	28	0	0	0	0	0	0	0	0	0	0	0	0	0	0	0	7
28:50:00	103800	2	3	0	34	1	3	0	26	0	0	0	0	0	0	0	0	0	0	0	0	1	0	0	8
28:55:00	104100	1	2	0	33	0	0	0	26	0	0	0	0	0	0	0	0	0	0	0	0	1	2	0	7
29:00:00	104400	0	0	0	33	0	0	0	26	0	0	0	0	0	0	0	0	0	0	0	0	0	0	0	7
29:05:00	104700	0	2	0	31	0	0	0	26	0	0	0	0	0	0	0	0	0	0	0	0	0	2	0	5
29:10:00	105000	0	0	0	31	0	0	0	26	0	0	0	0	0	0	0	0	0	0	0	0	0	0	0	5
29:15:00	105300	1	2	0	30	0	1	0	25	0	0	0	0	1	0	0	1	0	0	0	0	0	1	0	4
29:20:00	105600	0	0	0	30	0	0	0	25	0	0	0	0	0	0	0	1	0	0	0	0	0	0	0	4
29:25:00	105900	1	1	0	30	0	0	0	25	0	0	0	0	1	1	0	1	0	0	0	0	0	0	0	4
29:30:00	106200	0	2	0	28	0	1	0	24	0	0	0	0	0	0	0	1	0	0	0	0	0	1	0	3
29:35:00	106500	0	2	0	26	0	2	0	22	0	0	0	0	0	0	0	1	0	0	0	0	0	0	0	3
29:40:00	106800	0	2	0	24	0	1	0	21	0	0	0	0	0	1	0	0	0	0	0	0	0	0	0	3
29:45:00	107100	0	1	0	23	0	1	0	20	0	0	0	0	0	0	0	0	0	0	0	0	0	0	0	3
29:50:00	107400	0	1	0	22	0	1	0	19	0	0	0	0	0	0	0	0	0	0	0	0	0	0	0	3
29:55:00	107700	0	1	0	21	0	1	0	18	0	0	0	0	0	0	0	0	0	0	0	0	0	0	0	3
30:00:00	108000	0	0	3	18	0	0	0	18	0	0	0	0	0	0	0	0	0	0	0	0	0	0	3	0
30:05:00	108300	0	0	0	18	0	0	0	18	0	0	0	0	0	0	0	0	0	0	0	0	0	0	0	0
