time	time	departures_all	arrivals_all	stuck_all	en-route_all	departures_bike	arrivals_bike	stuck_bike	en-route_bike	departures_car	arrivals_car	stuck_car	en-route_car	departures_pt	arrivals_pt	stuck_pt	en-route_pt	departures_walk	arrivals_walk	stuck_walk	en-route_walk
00:00:00	0	0	0	0	0	0	0	0	0	0	0	0	0	0	0	0	0	0	0	0	0
00:05:00	300	0	0	0	0	0	0	0	0	0	0	0	0	0	0	0	0	0	0	0	0
00:10:00	600	0	0	0	0	0	0	0	0	0	0	0	0	0	0	0	0	0	0	0	0
00:15:00	900	0	0	0	0	0	0	0	0	0	0	0	0	0	0	0	0	0	0	0	0
00:20:00	1200	0	0	0	0	0	0	0	0	0	0	0	0	0	0	0	0	0	0	0	0
00:25:00	1500	0	0	0	0	0	0	0	0	0	0	0	0	0	0	0	0	0	0	0	0
00:30:00	1800	0	0	0	0	0	0	0	0	0	0	0	0	0	0	0	0	0	0	0	0
00:35:00	2100	0	0	0	0	0	0	0	0	0	0	0	0	0	0	0	0	0	0	0	0
00:40:00	2400	0	0	0	0	0	0	0	0	0	0	0	0	0	0	0	0	0	0	0	0
00:45:00	2700	0	0	0	0	0	0	0	0	0	0	0	0	0	0	0	0	0	0	0	0
00:50:00	3000	0	0	0	0	0	0	0	0	0	0	0	0	0	0	0	0	0	0	0	0
00:55:00	3300	0	0	0	0	0	0	0	0	0	0	0	0	0	0	0	0	0	0	0	0
01:00:00	3600	0	0	0	0	0	0	0	0	0	0	0	0	0	0	0	0	0	0	0	0
01:05:00	3900	0	0	0	0	0	0	0	0	0	0	0	0	0	0	0	0	0	0	0	0
01:10:00	4200	3	1	0	2	0	0	0	0	3	1	0	2	0	0	0	0	0	0	0	0
01:15:00	4500	1	1	0	2	0	0	0	0	1	1	0	2	0	0	0	0	0	0	0	0
01:20:00	4800	0	1	0	1	0	0	0	0	0	1	0	1	0	0	0	0	0	0	0	0
01:25:00	5100	3	1	0	3	0	0	0	0	3	1	0	3	0	0	0	0	0	0	0	0
01:30:00	5400	2	1	0	4	0	0	0	0	2	1	0	4	0	0	0	0	0	0	0	0
01:35:00	5700	0	2	0	2	0	0	0	0	0	2	0	2	0	0	0	0	0	0	0	0
01:40:00	6000	0	1	0	1	0	0	0	0	0	1	0	1	0	0	0	0	0	0	0	0
01:45:00	6300	0	1	0	0	0	0	0	0	0	1	0	0	0	0	0	0	0	0	0	0
01:50:00	6600	0	0	0	0	0	0	0	0	0	0	0	0	0	0	0	0	0	0	0	0
01:55:00	6900	1	0	0	1	0	0	0	0	1	0	0	1	0	0	0	0	0	0	0	0
02:00:00	7200	2	0	0	3	0	0	0	0	2	0	0	3	0	0	0	0	0	0	0	0
02:05:00	7500	0	0	0	3	0	0	0	0	0	0	0	3	0	0	0	0	0	0	0	0
02:10:00	7800	0	2	0	1	0	0	0	0	0	2	0	1	0	0	0	0	0	0	0	0
02:15:00	8100	1	1	0	1	0	0	0	0	1	1	0	1	0	0	0	0	0	0	0	0
02:20:00	8400	1	1	0	1	1	0	0	1	0	1	0	0	0	0	0	0	0	0	0	0
02:25:00	8700	0	0	0	1	0	0	0	1	0	0	0	0	0	0	0	0	0	0	0	0
02:30:00	9000	0	0	0	1	0	0	0	1	0	0	0	0	0	0	0	0	0	0	0	0
02:35:00	9300	1	1	0	1	0	1	0	0	1	0	0	1	0	0	0	0	0	0	0	0
02:40:00	9600	0	0	0	1	0	0	0	0	0	0	0	1	0	0	0	0	0	0	0	0
02:45:00	9900	1	1	0	1	1	0	0	1	0	1	0	0	0	0	0	0	0	0	0	0
02:50:00	10200	4	0	0	5	0	0	0	1	4	0	0	4	0	0	0	0	0	0	0	0
02:55:00	10500	1	1	0	5	0	0	0	1	1	1	0	4	0	0	0	0	0	0	0	0
03:00:00	10800	0	0	0	5	0	0	0	1	0	0	0	4	0	0	0	0	0	0	0	0
03:05:00	11100	2	1	0	6	0	0	0	1	2	1	0	5	0	0	0	0	0	0	0	0
03:10:00	11400	1	1	0	6	0	0	0	1	1	1	0	5	0	0	0	0	0	0	0	0
03:15:00	11700	2	2	0	6	0	0	0	1	2	2	0	5	0	0	0	0	0	0	0	0
03:20:00	12000	1	2	0	5	0	0	0	1	1	2	0	4	0	0	0	0	0	0	0	0
03:25:00	12300	3	2	0	6	0	0	0	1	3	2	0	5	0	0	0	0	0	0	0	0
03:30:00	12600	2	3	0	5	1	0	0	2	1	3	0	3	0	0	0	0	0	0	0	0
03:35:00	12900	1	3	0	3	0	0	0	2	1	3	0	1	0	0	0	0	0	0	0	0
03:40:00	13200	3	1	0	5	0	0	0	2	3	1	0	3	0	0	0	0	0	0	0	0
03:45:00	13500	7	2	0	10	0	0	0	2	3	2	0	4	2	0	0	2	2	0	0	2
03:50:00	13800	7	1	0	16	0	1	0	1	5	0	0	9	1	0	0	3	1	0	0	3
03:55:00	14100	8	4	0	20	0	0	0	1	5	4	0	10	0	0	0	3	3	0	0	6
04:00:00	14400	10	5	0	25	0	1	0	0	8	3	0	15	1	0	0	4	1	1	0	6
04:05:00	14700	4	4	0	25	0	0	0	0	4	1	0	18	0	0	0	4	0	3	0	3
04:10:00	15000	4	3	0	26	0	0	0	0	4	2	0	20	0	0	0	4	0	1	0	2
04:15:00	15300	10	7	0	29	0	0	0	0	8	7	0	21	0	0	0	4	2	0	0	4
04:20:00	15600	10	8	0	31	0	0	0	0	6	6	0	21	1	0	0	5	3	2	0	5
04:25:00	15900	9	12	0	28	1	0	0	1	5	9	0	17	0	0	0	5	3	3	0	5
04:30:00	16200	10	10	0	28	1	0	0	2	5	6	0	16	0	0	0	5	4	4	0	5
04:35:00	16500	6	5	0	29	0	0	0	2	5	3	0	18	0	1	0	4	1	1	0	5
04:40:00	16800	9	10	0	28	3	0	0	5	6	7	0	17	0	1	0	3	0	2	0	3
04:45:00	17100	8	10	0	26	1	1	0	5	3	6	0	14	2	2	0	3	2	1	0	4
04:50:00	17400	9	7	0	28	1	1	0	5	6	5	0	15	1	0	0	4	1	1	0	4
04:55:00	17700	17	6	0	39	1	1	0	5	10	5	0	20	6	0	0	10	0	0	0	4
05:00:00	18000	15	7	0	47	1	1	0	5	9	5	0	24	4	0	0	14	1	1	0	4
05:05:00	18300	23	12	0	58	2	0	0	7	16	11	0	29	4	0	0	18	1	1	0	4
05:10:00	18600	23	12	0	69	0	1	0	6	12	10	0	31	5	0	0	23	6	1	0	9
05:15:00	18900	43	11	0	101	1	0	0	7	27	11	0	47	11	0	0	34	4	0	0	13
05:20:00	19200	43	27	0	117	2	2	0	7	27	20	0	54	10	3	0	41	4	2	0	15
05:25:00	19500	56	30	0	143	2	2	0	7	37	20	0	71	14	1	0	54	3	7	0	11
05:30:00	19800	52	30	0	165	1	3	0	5	35	24	0	82	10	1	0	63	6	2	0	15
05:35:00	20100	53	34	0	184	2	0	0	7	30	27	0	85	19	6	0	76	2	1	0	16
05:40:00	20400	52	31	0	205	0	1	0	6	36	22	0	99	12	3	0	85	4	5	0	15
05:45:00	20700	79	33	0	251	4	4	0	6	44	23	0	120	25	2	0	108	6	4	0	17
05:50:00	21000	85	51	0	285	4	2	0	8	46	37	0	129	28	7	0	129	7	5	0	19
05:55:00	21300	96	45	0	336	3	1	0	10	52	32	0	149	31	7	0	153	10	5	0	24
06:00:00	21600	96	57	0	375	5	2	0	13	51	41	0	159	34	9	0	178	6	5	0	25
06:05:00	21900	104	65	0	414	4	4	0	13	59	44	0	174	35	9	0	204	6	8	0	23
06:10:00	22200	135	62	0	487	7	4	0	16	74	41	0	207	35	11	0	228	19	6	0	36
06:15:00	22500	147	84	0	550	3	3	0	16	94	53	0	248	37	12	0	253	13	16	0	33
06:20:00	22800	165	88	0	627	7	4	0	19	100	56	0	292	40	19	0	274	18	9	0	42
06:25:00	23100	169	119	0	677	9	7	0	21	109	72	0	329	36	27	0	283	15	13	0	44
06:30:00	23400	195	108	0	764	8	6	0	23	106	69	0	366	58	17	0	324	23	16	0	51
06:35:00	23700	193	147	0	810	12	7	0	28	111	86	0	391	56	32	0	348	14	22	0	43
06:40:00	24000	227	136	0	901	14	10	0	32	118	93	0	416	66	22	0	392	29	11	0	61
06:45:00	24300	233	161	0	973	20	9	0	43	113	101	0	428	66	33	0	425	34	18	0	77
06:50:00	24600	225	169	0	1029	28	14	0	57	108	106	0	430	68	39	0	454	21	10	0	88
06:55:00	24900	263	217	0	1075	27	33	0	51	117	114	0	433	88	37	0	505	31	33	0	86
07:00:00	25200	280	193	0	1162	31	27	0	55	131	98	0	466	81	44	0	542	37	24	0	99
07:05:00	25500	281	207	0	1236	26	18	0	63	147	99	0	514	62	63	0	541	46	27	0	118
07:10:00	25800	294	225	0	1305	30	30	0	63	145	111	0	548	79	53	0	567	40	31	0	127
07:15:00	26100	320	248	0	1377	20	33	0	50	160	125	0	583	85	57	0	595	55	33	0	149
07:20:00	26400	262	229	0	1410	24	19	0	55	125	103	0	605	71	60	0	606	42	47	0	144
07:25:00	26700	274	261	0	1423	35	28	0	62	124	130	0	599	70	65	0	611	45	38	0	151
07:30:00	27000	303	293	0	1433	23	29	0	56	128	132	0	595	72	90	0	593	80	42	0	189
07:35:00	27300	271	274	0	1430	20	23	0	53	122	112	0	605	55	82	0	566	74	57	0	206
07:40:00	27600	291	312	0	1409	26	26	0	53	134	133	0	606	58	87	0	537	73	66	0	213
07:45:00	27900	320	312	0	1417	24	24	0	53	117	135	0	588	51	80	0	508	128	73	0	268
07:50:00	28200	317	306	0	1428	28	18	0	63	134	130	0	592	55	73	0	490	100	85	0	283
07:55:00	28500	294	322	0	1400	19	21	0	61	115	125	0	582	50	83	0	457	110	93	0	300
08:00:00	28800	285	340	0	1345	21	19	0	63	117	127	0	572	43	78	0	422	104	116	0	288
08:05:00	29100	291	351	0	1285	19	33	0	49	119	130	0	561	42	78	0	386	111	110	0	289
08:10:00	29400	257	319	0	1223	15	22	0	42	91	127	0	525	43	56	0	373	108	114	0	283
08:15:00	29700	196	294	0	1125	23	20	0	45	64	114	0	475	36	61	0	348	73	99	0	257
08:20:00	30000	196	259	0	1062	16	22	0	39	75	97	0	453	37	50	0	335	68	90	0	235
08:25:00	30300	207	250	0	1019	16	17	0	38	81	100	0	434	34	50	0	319	76	83	0	228
08:30:00	30600	184	235	0	968	13	13	0	38	85	105	0	414	33	35	0	317	53	82	0	199
08:35:00	30900	181	219	0	930	12	19	0	31	75	87	0	402	28	54	0	291	66	59	0	206
08:40:00	31200	208	222	0	916	16	11	0	36	89	93	0	398	37	50	0	278	66	68	0	204
08:45:00	31500	241	268	0	889	21	19	0	38	105	107	0	396	30	51	0	257	85	91	0	198
08:50:00	31800	218	240	0	867	15	16	0	37	115	98	0	413	18	40	0	235	70	86	0	182
08:55:00	32100	248	232	0	883	18	11	0	44	115	98	0	430	41	52	0	224	74	71	0	185
09:00:00	32400	265	258	0	890	16	21	0	39	120	109	0	441	38	41	0	221	91	87	0	189
09:05:00	32700	236	238	0	888	16	26	0	29	109	100	0	450	28	29	0	220	83	83	0	189
09:10:00	33000	255	256	0	887	16	13	0	32	114	120	0	444	34	33	0	221	91	90	0	190
09:15:00	33300	162	259	0	790	10	19	0	23	77	109	0	412	15	34	0	202	60	97	0	153
09:20:00	33600	171	216	0	745	8	13	0	18	82	95	0	399	19	29	0	192	62	79	0	136
09:25:00	33900	194	249	0	690	17	13	0	22	83	119	0	363	12	39	0	165	82	78	0	140
09:30:00	34200	205	202	0	693	14	11	0	25	98	89	0	372	20	29	0	156	73	73	0	140
09:35:00	34500	170	197	0	666	9	12	0	22	82	99	0	355	23	31	0	148	56	55	0	141
09:40:00	34800	176	208	0	634	5	11	0	16	71	86	0	340	24	31	0	141	76	80	0	137
09:45:00	35100	230	194	0	670	17	10	0	23	104	88	0	356	28	20	0	149	81	76	0	142
09:50:00	35400	248	219	0	699	8	11	0	20	121	101	0	376	37	23	0	163	82	84	0	140
09:55:00	35700	246	227	0	718	11	8	0	23	104	101	0	379	36	29	0	170	95	89	0	146
10:00:00	36000	280	250	0	748	14	11	0	26	120	111	0	388	31	30	0	171	115	98	0	163
10:05:00	36300	243	227	0	764	10	13	0	23	116	111	0	393	26	19	0	178	91	84	0	170
10:10:00	36600	278	260	0	782	15	17	0	21	126	112	0	407	26	25	0	179	111	106	0	175
10:15:00	36900	172	248	0	706	13	18	0	16	86	104	0	389	14	25	0	168	59	101	0	133
10:20:00	37200	179	207	0	678	10	8	0	18	100	111	0	378	11	18	0	161	58	70	0	121
10:25:00	37500	195	206	0	667	18	16	0	20	96	97	0	377	18	33	0	146	63	60	0	124
10:30:00	37800	167	227	0	607	17	11	0	26	74	106	0	345	14	34	0	126	62	76	0	110
10:35:00	38100	173	190	0	590	7	14	0	19	81	94	0	332	14	21	0	119	71	61	0	120
10:40:00	38400	179	206	0	563	13	13	0	19	94	95	0	331	13	23	0	109	59	75	0	104
10:45:00	38700	237	194	0	606	8	11	0	16	104	104	0	331	32	16	0	125	93	63	0	134
10:50:00	39000	206	201	0	611	12	10	0	18	95	97	0	329	28	22	0	131	71	72	0	133
10:55:00	39300	192	190	0	613	12	10	0	20	98	98	0	329	21	19	0	133	61	63	0	131
11:00:00	39600	223	187	0	649	14	12	0	22	108	88	0	349	33	18	0	148	68	69	0	130
11:05:00	39900	232	222	0	659	13	12	0	23	107	104	0	352	32	22	0	158	80	84	0	126
11:10:00	40200	225	194	0	690	12	12	0	23	117	105	0	364	28	19	0	167	68	58	0	136
11:15:00	40500	243	220	0	713	13	14	0	22	88	106	0	346	40	23	0	184	102	77	0	161
11:20:00	40800	211	224	0	700	17	12	0	27	74	104	0	316	32	22	0	194	88	86	0	163
11:25:00	41100	228	234	0	694	13	9	0	31	80	99	0	297	32	31	0	195	103	95	0	171
11:30:00	41400	284	236	0	742	31	19	0	43	100	100	0	297	45	26	0	214	108	91	0	188
11:35:00	41700	346	257	0	831	30	28	0	45	117	101	0	313	41	38	0	217	158	90	0	256
11:40:00	42000	337	281	0	887	45	21	0	69	99	100	0	312	40	31	0	226	153	129	0	280
11:45:00	42300	499	349	0	1037	49	46	0	72	182	119	0	375	41	40	0	227	227	144	0	363
11:50:00	42600	491	379	0	1149	45	31	0	86	180	123	0	432	42	38	0	231	224	187	0	400
11:55:00	42900	538	421	0	1266	49	43	0	92	220	144	0	508	42	35	0	238	227	199	0	428
12:00:00	43200	450	425	0	1291	29	47	0	74	160	138	0	530	53	47	0	244	208	193	0	443
12:05:00	43500	408	420	0	1279	18	38	0	54	177	148	0	559	35	33	0	246	178	201	0	420
12:10:00	43800	411	426	0	1264	23	25	0	52	175	157	0	577	40	44	0	242	173	200	0	393
12:15:00	44100	221	367	0	1118	13	18	0	47	92	147	0	522	19	35	0	226	97	167	0	323
12:20:00	44400	208	352	0	974	5	25	0	27	68	147	0	443	25	36	0	215	110	144	0	289
12:25:00	44700	178	276	0	876	7	12	0	22	70	107	0	406	20	30	0	205	81	127	0	243
12:30:00	45000	225	242	0	859	22	6	0	38	92	98	0	400	20	34	0	191	91	104	0	230
12:35:00	45300	271	287	0	843	20	22	0	36	103	112	0	391	29	39	0	181	119	114	0	235
12:40:00	45600	221	260	0	804	21	12	0	45	95	101	0	385	15	29	0	167	90	118	0	207
12:45:00	45900	332	292	0	844	31	22	0	54	138	124	0	399	47	32	0	182	116	114	0	209
12:50:00	46200	308	257	0	895	26	32	0	48	140	96	0	443	33	28	0	187	109	101	0	217
12:55:00	46500	349	298	0	946	25	23	0	50	145	115	0	473	47	42	0	192	132	118	0	231
13:00:00	46800	355	276	0	1025	25	17	0	58	146	110	0	509	54	28	0	218	130	121	0	240
13:05:00	47100	361	292	0	1094	31	33	0	56	152	127	0	534	35	26	0	227	143	106	0	277
13:10:00	47400	372	331	0	1135	36	34	0	58	180	145	0	569	33	28	0	232	123	124	0	276
13:15:00	47700	338	327	0	1146	33	24	0	67	126	139	0	556	57	40	0	249	122	124	0	274
13:20:00	48000	322	336	0	1132	32	32	0	67	118	145	0	529	32	41	0	240	140	118	0	296
13:25:00	48300	315	328	0	1119	26	29	0	64	130	135	0	524	29	33	0	236	130	131	0	295
13:30:00	48600	262	319	0	1062	20	33	0	51	109	131	0	502	27	33	0	230	106	122	0	279
13:35:00	48900	263	301	0	1024	16	26	0	41	129	133	0	498	34	44	0	220	84	98	0	265
13:40:00	49200	253	280	0	997	16	15	0	42	113	132	0	479	24	39	0	205	100	94	0	271
13:45:00	49500	274	289	0	982	16	20	0	38	122	110	0	491	35	41	0	199	101	118	0	254
13:50:00	49800	272	276	0	978	27	14	0	51	117	135	0	473	29	28	0	200	99	99	0	254
13:55:00	50100	261	277	0	962	15	20	0	46	133	114	0	492	27	37	0	190	86	106	0	234
14:00:00	50400	278	270	0	970	23	20	0	49	143	117	0	518	24	24	0	190	88	109	0	213
14:05:00	50700	243	250	0	963	9	27	0	31	120	117	0	521	29	20	0	199	85	86	0	212
14:10:00	51000	243	266	0	940	19	18	0	32	102	122	0	501	24	37	0	186	98	89	0	221
14:15:00	51300	175	245	0	870	8	9	0	31	91	120	0	472	20	22	0	184	56	94	0	183
14:20:00	51600	205	242	0	833	9	15	0	25	94	105	0	461	34	31	0	187	68	91	0	160
14:25:00	51900	183	221	0	795	8	13	0	20	94	105	0	450	18	32	0	173	63	71	0	152
14:30:00	52200	161	213	0	743	13	10	0	23	87	110	0	427	15	30	0	158	46	63	0	135
14:35:00	52500	190	208	0	725	9	8	0	24	101	112	0	416	26	25	0	159	54	63	0	126
14:40:00	52800	167	192	0	700	9	10	0	23	88	102	0	402	11	28	0	142	59	52	0	133
14:45:00	53100	241	213	0	728	23	19	0	27	99	98	0	403	29	25	0	146	90	71	0	152
14:50:00	53400	245	212	0	761	23	14	0	36	119	110	0	412	27	23	0	150	76	65	0	163
14:55:00	53700	255	238	0	778	18	20	0	34	107	110	0	409	32	25	0	157	98	83	0	178
15:00:00	54000	271	227	0	822	33	25	0	42	117	99	0	427	34	21	0	170	87	82	0	183
15:05:00	54300	246	250	0	818	13	21	0	34	113	115	0	425	42	18	0	194	78	96	0	165
15:10:00	54600	273	260	0	831	22	20	0	36	125	124	0	426	37	28	0	203	89	88	0	166
15:15:00	54900	230	247	0	814	26	26	0	36	90	112	0	404	27	23	0	207	87	86	0	167
15:20:00	55200	239	259	0	794	17	20	0	33	104	119	0	389	31	33	0	205	87	87	0	167
15:25:00	55500	220	206	0	808	11	11	0	33	104	97	0	396	25	24	0	206	80	74	0	173
15:30:00	55800	221	229	0	800	18	22	0	29	84	101	0	379	38	26	0	218	81	80	0	174
15:35:00	56100	234	244	0	790	25	17	0	37	99	102	0	376	34	36	0	216	76	89	0	161
15:40:00	56400	226	231	0	785	13	13	0	37	98	114	0	360	29	41	0	204	86	63	0	184
15:45:00	56700	324	216	0	893	28	17	0	48	124	97	0	387	67	22	0	249	105	80	0	209
15:50:00	57000	289	237	0	945	21	23	0	46	139	94	0	432	40	38	0	251	89	82	0	216
15:55:00	57300	323	270	0	998	26	26	0	46	127	112	0	447	62	35	0	278	108	97	0	227
16:00:00	57600	336	281	0	1053	17	23	0	40	140	114	0	473	72	38	0	312	107	106	0	228
16:05:00	57900	366	290	0	1129	31	21	0	50	156	111	0	518	57	40	0	329	122	118	0	232
16:10:00	58200	337	308	0	1158	28	20	0	58	151	138	0	531	67	39	0	357	91	111	0	212
16:15:00	58500	251	275	0	1134	18	28	0	48	119	129	0	521	44	32	0	369	70	86	0	196
16:20:00	58800	327	282	0	1179	28	23	0	53	141	131	0	531	66	50	0	385	92	78	0	210
16:25:00	59100	257	267	0	1169	14	20	0	47	114	113	0	532	50	45	0	390	79	89	0	200
16:30:00	59400	296	273	0	1192	27	30	0	44	132	119	0	545	55	48	0	397	82	76	0	206
16:35:00	59700	272	281	0	1183	25	26	0	43	131	124	0	552	53	49	0	401	63	82	0	187
16:40:00	60000	277	253	0	1207	24	19	0	48	119	105	0	566	48	44	0	405	86	85	0	188
16:45:00	60300	394	306	0	1295	22	23	0	47	208	147	0	627	75	55	0	425	89	81	0	196
16:50:00	60600	380	296	0	1379	28	18	0	57	185	141	0	671	77	54	0	448	90	83	0	203
16:55:00	60900	361	323	0	1417	26	26	0	57	163	151	0	683	80	48	0	480	92	98	0	197
17:00:00	61200	396	308	0	1505	24	23	0	58	213	139	0	757	77	59	0	498	82	87	0	192
17:05:00	61500	418	320	0	1603	32	25	0	65	213	138	0	832	81	50	0	529	92	107	0	177
17:10:00	61800	427	366	0	1664	41	26	0	80	209	180	0	861	76	68	0	537	101	92	0	186
17:15:00	62100	298	337	0	1625	28	28	0	80	161	167	0	855	50	54	0	533	59	88	0	157
17:20:00	62400	326	329	0	1622	18	34	0	64	188	161	0	882	73	64	0	542	47	70	0	134
17:25:00	62700	311	344	0	1589	24	30	0	58	167	193	0	856	53	65	0	530	67	56	0	145
17:30:00	63000	321	323	0	1587	12	16	0	54	180	166	0	870	68	74	0	524	61	67	0	139
17:35:00	63300	278	317	0	1548	21	23	0	52	144	163	0	851	47	62	0	509	66	69	0	136
17:40:00	63600	283	283	0	1548	23	20	0	55	160	152	0	859	47	60	0	496	53	51	0	138
17:45:00	63900	318	305	0	1561	26	25	0	56	161	157	0	863	44	63	0	477	87	60	0	165
17:50:00	64200	322	318	0	1565	26	30	0	52	182	148	0	897	35	63	0	449	79	77	0	167
17:55:00	64500	335	340	0	1560	28	24	0	56	178	156	0	919	54	83	0	420	75	77	0	165
18:00:00	64800	305	316	0	1549	25	23	0	58	171	168	0	922	48	61	0	407	61	64	0	162
18:05:00	65100	292	318	0	1523	26	25	0	59	144	155	0	911	55	60	0	402	67	78	0	151
18:10:00	65400	289	322	0	1490	33	30	0	62	146	164	0	893	48	63	0	387	62	65	0	148
18:15:00	65700	247	272	0	1465	12	28	0	46	133	136	0	890	37	49	0	375	65	59	0	154
18:20:00	66000	252	291	0	1426	16	19	0	43	145	158	0	877	35	54	0	356	56	60	0	150
18:25:00	66300	270	299	0	1397	20	22	0	41	135	159	0	853	48	43	0	361	67	75	0	142
18:30:00	66600	227	269	0	1355	15	16	0	40	122	154	0	821	32	32	0	361	58	67	0	133
18:35:00	66900	224	258	0	1321	16	20	0	36	115	128	0	808	35	52	0	344	58	58	0	133
18:40:00	67200	212	255	0	1278	15	13	0	38	115	147	0	776	40	44	0	340	42	51	0	124
18:45:00	67500	220	248	0	1250	22	23	0	37	121	134	0	763	31	45	0	326	46	46	0	124
18:50:00	67800	221	254	0	1217	14	17	0	34	120	134	0	749	35	44	0	317	52	59	0	117
18:55:00	68100	213	243	0	1187	7	14	0	27	107	139	0	717	31	42	0	306	68	48	0	137
19:00:00	68400	203	257	0	1133	10	12	0	25	114	139	0	692	28	41	0	293	51	65	0	123
19:05:00	68700	216	227	0	1122	14	14	0	25	124	116	0	700	25	49	0	269	53	48	0	128
19:10:00	69000	216	248	0	1090	13	13	0	25	114	137	0	677	26	40	0	255	63	58	0	133
19:15:00	69300	145	220	0	1015	5	12	0	18	84	113	0	648	23	37	0	241	33	58	0	108
19:20:00	69600	154	212	0	957	10	8	0	20	89	124	0	613	22	39	0	224	33	41	0	100
19:25:00	69900	152	195	0	914	9	11	0	18	98	111	0	600	16	38	0	202	29	35	0	94
19:30:00	70200	142	192	0	864	10	11	0	17	76	103	0	573	18	39	0	181	38	39	0	93
19:35:00	70500	130	200	0	794	16	13	0	20	59	117	0	515	18	32	0	167	37	38	0	92
19:40:00	70800	158	165	0	787	7	11	0	16	91	84	0	522	21	26	0	162	39	44	0	87
19:45:00	71100	155	170	0	772	12	8	0	20	87	103	0	506	19	24	0	157	37	35	0	89
19:50:00	71400	145	174	0	743	9	12	0	17	80	97	0	489	19	17	0	159	37	48	0	78
19:55:00	71700	135	175	0	703	11	9	0	19	65	100	0	454	16	21	0	154	43	45	0	76
20:00:00	72000	140	165	0	678	10	10	0	19	87	102	0	439	14	22	0	146	29	31	0	74
20:05:00	72300	153	146	0	685	16	10	0	25	91	77	0	453	16	22	0	140	30	37	0	67
20:10:00	72600	127	164	0	648	9	14	0	20	73	83	0	443	11	27	0	124	34	40	0	61
20:15:00	72900	105	145	0	608	8	16	0	12	57	85	0	415	13	18	0	119	27	26	0	62
20:20:00	73200	105	136	0	577	9	6	0	15	63	80	0	398	9	21	0	107	24	29	0	57
20:25:00	73500	100	125	0	552	8	4	0	19	58	67	0	389	7	24	0	90	27	30	0	54
20:30:00	73800	69	114	0	507	5	10	0	14	41	67	0	363	9	16	0	83	14	21	0	47
20:35:00	74100	84	97	0	494	5	8	0	11	51	59	0	355	9	9	0	83	19	21	0	45
20:40:00	74400	73	86	0	481	2	4	0	9	39	57	0	337	9	10	0	82	23	15	0	53
20:45:00	74700	93	86	0	488	6	2	0	13	53	47	0	343	13	13	0	82	21	24	0	50
20:50:00	75000	76	104	0	460	2	6	0	9	43	60	0	326	7	17	0	72	24	21	0	53
20:55:00	75300	64	78	0	446	3	4	0	8	42	47	0	321	7	11	0	68	12	16	0	49
21:00:00	75600	100	92	0	454	3	2	0	9	60	55	0	326	11	13	0	66	26	22	0	53
21:05:00	75900	82	80	0	456	3	5	0	7	53	44	0	335	9	4	0	71	17	27	0	43
21:10:00	76200	93	89	0	460	4	2	0	9	59	59	0	335	11	13	0	69	19	15	0	47
21:15:00	76500	60	69	0	451	4	3	0	10	38	49	0	324	5	5	0	69	13	12	0	48
21:20:00	76800	63	87	0	427	2	5	0	7	36	57	0	303	5	6	0	68	20	19	0	49
21:25:00	77100	57	72	0	412	5	3	0	9	35	40	0	298	3	9	0	62	14	20	0	43
21:30:00	77400	76	68	0	420	0	1	0	8	48	45	0	301	13	7	0	68	15	15	0	43
21:35:00	77700	70	86	0	404	3	0	0	11	45	52	0	294	4	12	0	60	18	22	0	39
21:40:00	78000	66	76	0	394	5	4	0	12	41	51	0	284	5	9	0	56	15	12	0	42
21:45:00	78300	91	75	0	410	6	5	0	13	46	45	0	285	13	10	0	59	26	15	0	53
21:50:00	78600	83	82	0	411	3	4	0	12	49	47	0	287	14	7	0	66	17	24	0	46
21:55:00	78900	90	80	0	421	4	6	0	10	57	46	0	298	13	6	0	73	16	22	0	40
22:00:00	79200	77	80	0	418	6	6	0	10	48	53	0	293	15	8	0	80	8	13	0	35
22:05:00	79500	106	83	0	441	9	8	0	11	66	54	0	305	12	7	0	85	19	14	0	40
22:10:00	79800	83	79	0	445	3	4	0	10	49	53	0	301	15	4	0	96	16	18	0	38
22:15:00	80100	70	81	0	434	3	5	0	8	44	57	0	288	8	6	0	98	15	13	0	40
22:20:00	80400	59	72	0	421	2	2	0	8	35	41	0	282	4	9	0	93	18	20	0	38
22:25:00	80700	51	85	0	387	2	5	0	5	31	46	0	267	5	15	0	83	13	19	0	32
22:30:00	81000	46	65	0	368	2	1	0	6	29	44	0	252	2	7	0	78	13	13	0	32
22:35:00	81300	50	75	0	343	2	3	0	5	33	41	0	244	4	20	0	62	11	11	0	32
22:40:00	81600	51	59	0	335	2	0	0	7	29	35	0	238	5	10	0	57	15	14	0	33
22:45:00	81900	54	59	0	330	2	1	0	8	37	38	0	237	3	9	0	51	12	11	0	34
22:50:00	82200	52	73	0	309	6	4	0	10	33	41	0	229	5	13	0	43	8	15	0	27
22:55:00	82500	45	66	0	288	4	8	0	6	24	38	0	215	5	9	0	39	12	11	0	28
23:00:00	82800	56	57	0	287	6	3	0	9	33	32	0	216	7	10	0	36	10	12	0	26
23:05:00	83100	41	49	0	279	3	4	0	8	29	29	0	216	4	6	0	34	5	10	0	21
23:10:00	83400	40	53	0	266	5	7	0	6	27	30	0	213	4	8	0	30	4	8	0	17
23:15:00	83700	24	42	0	248	0	4	0	2	17	33	0	197	3	1	0	32	4	4	0	17
23:20:00	84000	16	39	0	225	0	0	0	2	7	27	0	177	3	8	0	27	6	4	0	19
23:25:00	84300	14	28	0	211	0	0	0	2	9	19	0	167	3	3	0	27	2	6	0	15
23:30:00	84600	14	24	0	201	1	0	0	3	10	18	0	159	0	2	0	25	3	4	0	14
23:35:00	84900	20	31	0	190	1	1	0	3	13	20	0	152	0	7	0	18	6	3	0	17
23:40:00	85200	23	27	0	186	1	2	0	2	12	12	0	152	3	8	0	13	7	5	0	19
23:45:00	85500	3	30	0	159	0	1	0	1	3	14	0	141	0	6	0	7	0	9	0	10
23:50:00	85800	7	12	0	154	1	0	0	2	4	8	0	137	0	2	0	5	2	2	0	10
23:55:00	86100	8	14	0	148	2	1	0	3	5	10	0	132	0	2	0	3	1	1	0	10
24:00:00	86400	4	14	0	138	0	2	0	1	4	10	0	126	0	1	0	2	0	1	0	9
24:05:00	86700	1	10	0	129	1	1	0	1	0	5	0	121	0	1	0	1	0	3	0	6
24:10:00	87000	1	4	0	126	1	2	0	0	0	2	0	119	0	0	0	1	0	0	0	6
24:15:00	87300	1	5	0	122	0	0	0	0	1	5	0	115	0	0	0	1	0	0	0	6
24:20:00	87600	0	3	0	119	0	0	0	0	0	2	0	113	0	1	0	0	0	0	0	6
24:25:00	87900	1	5	0	115	0	0	0	0	1	4	0	110	0	0	0	0	0	1	0	5
24:30:00	88200	4	7	0	112	0	0	0	0	2	6	0	106	0	0	0	0	2	1	0	6
24:35:00	88500	3	3	0	112	0	0	0	0	3	2	0	107	0	0	0	0	0	1	0	5
24:40:00	88800	0	3	0	109	0	0	0	0	0	3	0	104	0	0	0	0	0	0	0	5
24:45:00	89100	1	4	0	106	0	0	0	0	1	3	0	102	0	0	0	0	0	1	0	4
24:50:00	89400	3	6	0	103	0	0	0	0	3	6	0	99	0	0	0	0	0	0	0	4
24:55:00	89700	3	3	0	103	0	0	0	0	3	3	0	99	0	0	0	0	0	0	0	4
25:00:00	90000	1	3	0	101	0	0	0	0	1	3	0	97	0	0	0	0	0	0	0	4
25:05:00	90300	4	4	0	101	0	0	0	0	1	2	0	96	0	0	0	0	3	2	0	5
25:10:00	90600	2	4	0	99	0	0	0	0	2	3	0	95	0	0	0	0	0	1	0	4
25:15:00	90900	2	4	0	97	0	0	0	0	2	4	0	93	0	0	0	0	0	0	0	4
25:20:00	91200	1	2	0	96	0	0	0	0	1	1	0	93	0	0	0	0	0	1	0	3
25:25:00	91500	3	4	0	95	0	0	0	0	0	3	0	90	1	0	0	1	2	1	0	4
25:30:00	91800	1	3	0	93	0	0	0	0	1	2	0	89	0	0	0	1	0	1	0	3
25:35:00	92100	1	2	0	92	0	0	0	0	1	2	0	88	0	0	0	1	0	0	0	3
25:40:00	92400	0	2	0	90	0	0	0	0	0	2	0	86	0	0	0	1	0	0	0	3
25:45:00	92700	2	3	0	89	0	0	0	0	1	3	0	84	0	0	0	1	1	0	0	4
25:50:00	93000	0	0	0	89	0	0	0	0	0	0	0	84	0	0	0	1	0	0	0	4
25:55:00	93300	1	3	0	87	0	0	0	0	0	1	0	83	0	0	0	1	1	2	0	3
26:00:00	93600	0	1	0	86	0	0	0	0	0	0	0	83	0	0	0	1	0	1	0	2
26:05:00	93900	2	2	0	86	0	0	0	0	2	2	0	83	0	0	0	1	0	0	0	2
26:10:00	94200	0	0	0	86	0	0	0	0	0	0	0	83	0	0	0	1	0	0	0	2
26:15:00	94500	0	1	0	85	0	0	0	0	0	1	0	82	0	0	0	1	0	0	0	2
26:20:00	94800	3	3	0	85	0	0	0	0	3	3	0	82	0	0	0	1	0	0	0	2
26:25:00	95100	2	2	0	85	0	0	0	0	1	1	0	82	1	1	0	1	0	0	0	2
26:30:00	95400	0	1	0	84	0	0	0	0	0	1	0	81	0	0	0	1	0	0	0	2
26:35:00	95700	2	3	0	83	0	0	0	0	2	3	0	80	0	0	0	1	0	0	0	2
26:40:00	96000	0	2	0	81	0	0	0	0	0	2	0	78	0	0	0	1	0	0	0	2
26:45:00	96300	0	0	0	81	0	0	0	0	0	0	0	78	0	0	0	1	0	0	0	2
26:50:00	96600	1	1	0	81	0	0	0	0	1	1	0	78	0	0	0	1	0	0	0	2
26:55:00	96900	1	3	0	79	0	0	0	0	1	3	0	76	0	0	0	1	0	0	0	2
27:00:00	97200	0	0	0	79	0	0	0	0	0	0	0	76	0	0	0	1	0	0	0	2
27:05:00	97500	0	0	0	79	0	0	0	0	0	0	0	76	0	0	0	1	0	0	0	2
27:10:00	97800	1	2	0	78	0	0	0	0	1	2	0	75	0	0	0	1	0	0	0	2
27:15:00	98100	0	0	0	78	0	0	0	0	0	0	0	75	0	0	0	1	0	0	0	2
27:20:00	98400	1	3	0	76	0	0	0	0	1	3	0	73	0	0	0	1	0	0	0	2
27:25:00	98700	0	1	0	75	0	0	0	0	0	0	0	73	0	1	0	0	0	0	0	2
27:30:00	99000	0	2	0	73	0	0	0	0	0	2	0	71	0	0	0	0	0	0	0	2
27:35:00	99300	0	0	0	73	0	0	0	0	0	0	0	71	0	0	0	0	0	0	0	2
27:40:00	99600	0	0	0	73	0	0	0	0	0	0	0	71	0	0	0	0	0	0	0	2
27:45:00	99900	0	0	0	73	0	0	0	0	0	0	0	71	0	0	0	0	0	0	0	2
27:50:00	100200	0	1	0	72	0	0	0	0	0	1	0	70	0	0	0	0	0	0	0	2
27:55:00	100500	0	0	0	72	0	0	0	0	0	0	0	70	0	0	0	0	0	0	0	2
28:00:00	100800	1	1	0	72	0	0	0	0	1	1	0	70	0	0	0	0	0	0	0	2
28:05:00	101100	0	1	0	71	0	0	0	0	0	1	0	69	0	0	0	0	0	0	0	2
28:10:00	101400	1	2	0	70	0	0	0	0	1	2	0	68	0	0	0	0	0	0	0	2
28:15:00	101700	0	1	0	69	0	0	0	0	0	1	0	67	0	0	0	0	0	0	0	2
28:20:00	102000	0	0	0	69	0	0	0	0	0	0	0	67	0	0	0	0	0	0	0	2
28:25:00	102300	1	2	0	68	0	0	0	0	1	1	0	67	0	0	0	0	0	1	0	1
28:30:00	102600	0	0	0	68	0	0	0	0	0	0	0	67	0	0	0	0	0	0	0	1
28:35:00	102900	1	1	0	68	0	0	0	0	1	1	0	67	0	0	0	0	0	0	0	1
28:40:00	103200	1	1	0	68	0	0	0	0	1	1	0	67	0	0	0	0	0	0	0	1
28:45:00	103500	1	2	0	67	0	0	0	0	1	2	0	66	0	0	0	0	0	0	0	1
28:50:00	103800	3	3	0	67	0	0	0	0	3	3	0	66	0	0	0	0	0	0	0	1
28:55:00	104100	0	0	0	67	0	0	0	0	0	0	0	66	0	0	0	0	0	0	0	1
29:00:00	104400	1	2	0	66	0	0	0	0	1	2	0	65	0	0	0	0	0	0	0	1
29:05:00	104700	2	5	0	63	0	0	0	0	2	5	0	62	0	0	0	0	0	0	0	1
29:10:00	105000	1	1	0	63	0	0	0	0	1	1	0	62	0	0	0	0	0	0	0	1
29:15:00	105300	1	2	0	62	0	0	0	0	1	1	0	62	0	0	0	0	0	1	0	0
29:20:00	105600	1	1	0	62	0	0	0	0	1	1	0	62	0	0	0	0	0	0	0	0
29:25:00	105900	3	4	0	61	0	0	0	0	3	4	0	61	0	0	0	0	0	0	0	0
29:30:00	106200	1	2	0	60	0	0	0	0	1	2	0	60	0	0	0	0	0	0	0	0
29:35:00	106500	0	3	0	57	0	0	0	0	0	3	0	57	0	0	0	0	0	0	0	0
29:40:00	106800	0	0	0	57	0	0	0	0	0	0	0	57	0	0	0	0	0	0	0	0
29:45:00	107100	0	1	0	56	0	0	0	0	0	1	0	56	0	0	0	0	0	0	0	0
29:50:00	107400	1	3	0	54	0	0	0	0	1	3	0	54	0	0	0	0	0	0	0	0
29:55:00	107700	1	1	0	54	0	0	0	0	1	1	0	54	0	0	0	0	0	0	0	0
30:00:00	108000	0	0	54	0	0	0	0	0	0	0	54	0	0	0	0	0	0	0	0	0
30:05:00	108300	0	0	0	0	0	0	0	0	0	0	0	0	0	0	0	0	0	0	0	0
