time	time	departures_all	arrivals_all	stuck_all	en-route_all	departures_av	arrivals_av	stuck_av	en-route_av	departures_bike	arrivals_bike	stuck_bike	en-route_bike	departures_car	arrivals_car	stuck_car	en-route_car	departures_pt	arrivals_pt	stuck_pt	en-route_pt	departures_walk	arrivals_walk	stuck_walk	en-route_walk
00:00:00	0	0	0	0	0	0	0	0	0	0	0	0	0	0	0	0	0	0	0	0	0	0	0	0	0
00:05:00	300	0	0	0	0	0	0	0	0	0	0	0	0	0	0	0	0	0	0	0	0	0	0	0	0
00:10:00	600	0	0	0	0	0	0	0	0	0	0	0	0	0	0	0	0	0	0	0	0	0	0	0	0
00:15:00	900	0	0	0	0	0	0	0	0	0	0	0	0	0	0	0	0	0	0	0	0	0	0	0	0
00:20:00	1200	0	0	0	0	0	0	0	0	0	0	0	0	0	0	0	0	0	0	0	0	0	0	0	0
00:25:00	1500	0	0	0	0	0	0	0	0	0	0	0	0	0	0	0	0	0	0	0	0	0	0	0	0
00:30:00	1800	0	0	0	0	0	0	0	0	0	0	0	0	0	0	0	0	0	0	0	0	0	0	0	0
00:35:00	2100	0	0	0	0	0	0	0	0	0	0	0	0	0	0	0	0	0	0	0	0	0	0	0	0
00:40:00	2400	0	0	0	0	0	0	0	0	0	0	0	0	0	0	0	0	0	0	0	0	0	0	0	0
00:45:00	2700	0	0	0	0	0	0	0	0	0	0	0	0	0	0	0	0	0	0	0	0	0	0	0	0
00:50:00	3000	0	0	0	0	0	0	0	0	0	0	0	0	0	0	0	0	0	0	0	0	0	0	0	0
00:55:00	3300	0	0	0	0	0	0	0	0	0	0	0	0	0	0	0	0	0	0	0	0	0	0	0	0
01:00:00	3600	0	0	0	0	0	0	0	0	0	0	0	0	0	0	0	0	0	0	0	0	0	0	0	0
01:05:00	3900	0	0	0	0	0	0	0	0	0	0	0	0	0	0	0	0	0	0	0	0	0	0	0	0
01:10:00	4200	3	0	0	3	0	0	0	0	0	0	0	0	2	0	0	2	1	0	0	1	0	0	0	0
01:15:00	4500	1	1	0	3	0	0	0	0	0	0	0	0	1	1	0	2	0	0	0	1	0	0	0	0
01:20:00	4800	0	1	0	2	0	0	0	0	0	0	0	0	0	1	0	1	0	0	0	1	0	0	0	0
01:25:00	5100	3	0	0	5	1	0	0	1	0	0	0	0	2	0	0	3	0	0	0	1	0	0	0	0
01:30:00	5400	2	1	0	6	1	0	0	2	0	0	0	0	1	1	0	3	0	0	0	1	0	0	0	0
01:35:00	5700	0	4	0	2	0	1	0	1	0	0	0	0	0	2	0	1	0	1	0	0	0	0	0	0
01:40:00	6000	0	0	0	2	0	0	0	1	0	0	0	0	0	0	0	1	0	0	0	0	0	0	0	0
01:45:00	6300	0	1	0	1	0	0	0	1	0	0	0	0	0	1	0	0	0	0	0	0	0	0	0	0
01:50:00	6600	0	1	0	0	0	1	0	0	0	0	0	0	0	0	0	0	0	0	0	0	0	0	0	0
01:55:00	6900	1	0	0	1	0	0	0	0	0	0	0	0	1	0	0	1	0	0	0	0	0	0	0	0
02:00:00	7200	2	0	0	3	0	0	0	0	0	0	0	0	2	0	0	3	0	0	0	0	0	0	0	0
02:05:00	7500	0	0	0	3	0	0	0	0	0	0	0	0	0	0	0	3	0	0	0	0	0	0	0	0
02:10:00	7800	0	2	0	1	0	0	0	0	0	0	0	0	0	2	0	1	0	0	0	0	0	0	0	0
02:15:00	8100	1	1	0	1	0	0	0	0	0	0	0	0	1	1	0	1	0	0	0	0	0	0	0	0
02:20:00	8400	1	1	0	1	0	0	0	0	1	0	0	1	0	1	0	0	0	0	0	0	0	0	0	0
02:25:00	8700	0	0	0	1	0	0	0	0	0	0	0	1	0	0	0	0	0	0	0	0	0	0	0	0
02:30:00	9000	0	0	0	1	0	0	0	0	0	0	0	1	0	0	0	0	0	0	0	0	0	0	0	0
02:35:00	9300	1	1	0	1	1	0	0	1	0	1	0	0	0	0	0	0	0	0	0	0	0	0	0	0
02:40:00	9600	0	0	0	1	0	0	0	1	0	0	0	0	0	0	0	0	0	0	0	0	0	0	0	0
02:45:00	9900	1	0	0	2	0	0	0	1	1	0	0	1	0	0	0	0	0	0	0	0	0	0	0	0
02:50:00	10200	4	0	0	6	0	0	0	1	0	0	0	1	3	0	0	3	1	0	0	1	0	0	0	0
02:55:00	10500	1	2	0	5	0	1	0	0	0	0	0	1	1	1	0	3	0	0	0	1	0	0	0	0
03:00:00	10800	0	0	0	5	0	0	0	0	0	0	0	1	0	0	0	3	0	0	0	1	0	0	0	0
03:05:00	11100	2	1	0	6	0	0	0	0	0	0	0	1	2	1	0	4	0	0	0	1	0	0	0	0
03:10:00	11400	1	0	0	7	0	0	0	0	0	0	0	1	0	0	0	4	1	0	0	2	0	0	0	0
03:15:00	11700	2	1	0	8	1	0	0	1	0	0	0	1	0	1	0	3	0	0	0	2	1	0	0	1
03:20:00	12000	1	2	0	7	0	0	0	1	0	0	0	1	1	2	0	2	0	0	0	2	0	0	0	1
03:25:00	12300	3	0	0	10	1	0	0	2	0	0	0	1	1	0	0	3	0	0	0	2	1	0	0	2
03:30:00	12600	2	3	0	9	0	0	0	2	0	0	0	1	2	3	0	2	0	0	0	2	0	0	0	2
03:35:00	12900	1	3	0	7	0	1	0	1	0	0	0	1	1	2	0	1	0	0	0	2	0	0	0	2
03:40:00	13200	3	1	0	9	0	0	0	1	0	0	0	1	3	1	0	3	0	0	0	2	0	0	0	2
03:45:00	13500	7	4	0	12	0	1	0	0	2	0	0	3	2	2	0	3	2	1	0	3	1	0	0	3
03:50:00	13800	7	2	0	17	2	0	0	2	0	1	0	2	4	0	0	7	1	1	0	3	0	0	0	3
03:55:00	14100	8	2	0	23	0	0	0	2	0	0	0	2	5	2	0	10	0	0	0	3	3	0	0	6
04:00:00	14400	10	4	0	29	1	0	0	3	1	1	0	2	7	3	0	14	1	0	0	4	0	0	0	6
04:05:00	14700	4	3	0	30	0	1	0	2	0	0	0	2	4	1	0	17	0	0	0	4	0	1	0	5
04:10:00	15000	4	5	0	29	0	0	0	2	0	0	0	2	4	2	0	19	0	2	0	2	0	1	0	4
04:15:00	15300	10	7	0	32	0	0	0	2	0	0	0	2	7	7	0	19	1	0	0	3	2	0	0	6
04:20:00	15600	10	7	0	35	0	0	0	2	1	0	0	3	6	5	0	20	1	0	0	4	2	2	0	6
04:25:00	15900	9	14	0	30	0	0	0	2	3	2	0	4	2	9	0	13	1	0	0	5	3	3	0	6
04:30:00	16200	10	8	0	32	1	1	0	2	1	0	0	5	3	4	0	12	2	0	0	7	3	3	0	6
04:35:00	16500	6	7	0	31	0	0	0	2	0	1	0	4	4	4	0	12	0	1	0	6	2	1	0	7
04:40:00	16800	9	11	0	29	3	1	0	4	1	1	0	4	3	8	0	7	1	0	0	7	1	1	0	7
04:45:00	17100	8	6	0	31	1	1	0	4	0	1	0	3	3	2	0	8	2	1	0	8	2	1	0	8
04:50:00	17400	9	5	0	35	0	1	0	3	1	0	0	4	6	2	0	12	1	1	0	8	1	1	0	8
04:55:00	17700	16	4	0	47	1	0	0	4	1	1	0	4	9	3	0	18	4	0	0	12	1	0	0	9
05:00:00	18000	15	8	0	54	0	1	0	3	1	1	0	4	11	5	0	24	3	0	0	15	0	1	0	8
05:05:00	18300	23	13	0	64	1	1	0	3	2	0	0	6	15	11	0	28	4	0	0	19	1	1	0	8
05:10:00	18600	23	12	0	75	2	0	0	5	2	1	0	7	10	10	0	28	5	0	0	24	4	1	0	11
05:15:00	18900	43	13	0	105	3	3	0	5	3	0	0	10	23	10	0	41	9	0	0	33	5	0	0	16
05:20:00	19200	43	22	0	126	5	1	0	9	4	1	0	13	22	15	0	48	9	3	0	39	3	2	0	17
05:25:00	19500	54	31	0	149	3	1	0	11	4	2	0	15	29	18	0	59	12	5	0	46	6	5	0	18
05:30:00	19800	52	29	0	172	2	2	0	11	2	3	0	14	27	21	0	65	16	1	0	61	5	2	0	21
05:35:00	20100	54	32	0	194	2	2	0	11	5	1	0	18	24	23	0	66	20	5	0	76	3	1	0	23
05:40:00	20400	52	25	0	221	1	0	0	12	5	2	0	21	32	18	0	80	10	2	0	84	4	3	0	24
05:45:00	20700	80	44	0	257	2	1	0	13	8	6	0	23	39	27	0	92	21	4	0	101	10	6	0	28
05:50:00	21000	86	49	0	294	2	2	0	13	8	3	0	28	40	31	0	101	24	8	0	117	12	5	0	35
05:55:00	21300	95	39	0	350	3	3	0	13	10	1	0	37	41	27	0	115	29	5	0	141	12	3	0	44
06:00:00	21600	96	50	0	396	3	2	0	14	8	3	0	42	48	33	0	130	31	7	0	165	6	5	0	45
06:05:00	21900	104	63	0	437	3	0	0	17	11	8	0	45	46	37	0	139	37	9	0	193	7	9	0	43
06:10:00	22200	135	59	0	513	3	0	0	20	12	5	0	52	65	37	0	167	36	9	0	220	19	8	0	54
06:15:00	22500	147	94	0	566	5	0	0	25	16	8	0	60	80	58	0	189	33	11	0	242	13	17	0	50
06:20:00	22800	165	76	0	655	6	0	0	31	8	10	0	58	82	38	0	233	44	20	0	266	25	8	0	67
06:25:00	23100	168	122	0	701	10	2	0	39	17	14	0	61	90	68	0	255	34	27	0	273	17	11	0	73
06:30:00	23400	195	105	0	791	7	4	0	42	18	9	0	70	88	55	0	288	60	22	0	311	22	15	0	80
06:35:00	23700	192	140	0	843	3	1	0	44	18	9	0	79	98	84	0	302	55	27	0	339	18	19	0	79
06:40:00	24000	226	135	0	934	5	2	0	47	25	16	0	88	102	85	0	319	64	20	0	383	30	12	0	97
06:45:00	24300	235	161	0	1008	9	2	0	54	35	19	0	104	97	88	0	328	63	35	0	411	31	17	0	111
06:50:00	24600	225	185	0	1048	6	2	0	58	30	25	0	109	94	106	0	316	67	43	0	435	28	9	0	130
06:55:00	24900	266	206	0	1108	8	2	0	64	36	34	0	111	106	100	0	322	88	40	0	483	28	30	0	128
07:00:00	25200	282	204	0	1186	13	3	0	74	40	31	0	120	115	103	0	334	73	44	0	512	41	23	0	146
07:05:00	25500	277	208	0	1255	8	1	0	81	31	27	0	124	125	94	0	365	62	59	0	515	51	27	0	170
07:10:00	25800	293	202	0	1346	3	3	0	81	45	35	0	134	123	92	0	396	75	49	0	541	47	23	0	194
07:15:00	26100	318	244	0	1420	17	5	0	93	32	39	0	127	139	105	0	430	72	62	0	551	58	33	0	219
07:20:00	26400	264	240	0	1444	9	6	0	96	32	29	0	130	118	103	0	445	65	55	0	561	40	47	0	212
07:25:00	26700	271	271	0	1444	7	5	0	98	42	41	0	131	107	126	0	426	61	61	0	561	54	38	0	228
07:30:00	27000	306	290	0	1460	7	10	0	95	33	42	0	122	111	113	0	424	87	84	0	564	68	41	0	255
07:35:00	27300	270	255	0	1475	8	4	0	99	30	27	0	125	104	107	0	421	53	68	0	549	75	49	0	281
07:40:00	27600	293	303	0	1465	11	5	0	105	37	38	0	124	116	117	0	420	59	81	0	527	70	62	0	289
07:45:00	27900	325	310	0	1480	11	3	0	113	29	34	0	119	116	129	0	407	69	79	0	517	100	65	0	324
07:50:00	28200	316	309	0	1487	11	8	0	116	41	37	0	123	112	114	0	405	61	79	0	499	91	71	0	344
07:55:00	28500	297	309	0	1475	15	3	0	128	36	22	0	137	93	115	0	383	60	80	0	479	93	89	0	348
08:00:00	28800	283	346	0	1412	8	10	0	126	29	37	0	129	104	116	0	371	51	83	0	447	91	100	0	339
08:05:00	29100	288	342	0	1358	10	4	0	132	38	44	0	123	91	120	0	342	44	87	0	404	105	87	0	357
08:10:00	29400	255	321	0	1292	6	8	0	130	28	39	0	112	79	104	0	317	46	64	0	386	96	106	0	347
08:15:00	29700	193	302	0	1183	4	5	0	129	34	32	0	114	55	110	0	262	35	63	0	358	65	92	0	320
08:20:00	30000	199	262	0	1120	6	4	0	131	24	31	0	107	75	97	0	240	35	52	0	341	59	78	0	301
08:25:00	30300	200	258	0	1062	6	8	0	129	26	24	0	109	62	88	0	214	39	60	0	320	67	78	0	290
08:30:00	30600	181	232	0	1011	5	10	0	124	21	28	0	102	70	83	0	201	33	37	0	316	52	74	0	268
08:35:00	30900	184	218	0	977	9	6	0	127	18	32	0	88	64	70	0	195	37	56	0	297	56	54	0	270
08:40:00	31200	205	227	0	955	7	6	0	128	29	25	0	92	66	78	0	183	45	56	0	286	58	62	0	266
08:45:00	31500	238	265	0	928	8	8	0	128	20	30	0	82	97	91	0	189	42	56	0	272	71	80	0	257
08:50:00	31800	224	223	0	929	6	4	0	130	23	21	0	84	97	82	0	204	27	50	0	249	71	66	0	262
08:55:00	32100	242	237	0	934	8	6	0	132	28	17	0	95	96	95	0	205	51	54	0	246	59	65	0	256
09:00:00	32400	253	249	0	938	11	4	0	139	27	28	0	94	98	92	0	211	45	44	0	247	72	81	0	247
09:05:00	32700	239	233	0	944	10	9	0	140	22	35	0	81	97	86	0	222	37	36	0	248	73	67	0	253
09:10:00	33000	254	257	0	941	10	11	0	139	26	30	0	77	95	88	0	229	43	44	0	247	80	84	0	249
09:15:00	33300	164	256	0	849	8	17	0	130	25	25	0	77	63	90	0	202	19	42	0	224	49	82	0	216
09:20:00	33600	179	227	0	801	11	12	0	129	15	21	0	71	72	86	0	188	29	39	0	214	52	69	0	199
09:25:00	33900	196	226	0	771	6	9	0	126	25	28	0	68	74	87	0	175	25	40	0	199	66	62	0	203
09:30:00	34200	204	213	0	762	5	7	0	124	24	23	0	69	83	83	0	175	29	37	0	191	63	63	0	203
09:35:00	34500	179	192	0	749	9	6	0	127	19	22	0	66	68	72	0	171	34	43	0	182	49	49	0	203
09:40:00	34800	171	224	0	696	2	8	0	121	17	25	0	58	57	82	0	146	36	42	0	176	59	67	0	195
09:45:00	35100	230	203	0	723	6	7	0	120	26	18	0	66	97	80	0	163	37	32	0	181	64	66	0	193
09:50:00	35400	253	203	0	773	9	5	0	124	19	20	0	65	104	81	0	186	47	27	0	201	74	70	0	197
09:55:00	35700	237	218	0	792	6	6	0	124	18	20	0	63	83	77	0	192	47	34	0	214	83	81	0	199
10:00:00	36000	281	254	0	819	13	5	0	132	31	21	0	73	111	103	0	200	35	40	0	209	91	85	0	205
10:05:00	36300	242	214	0	847	9	3	0	138	20	22	0	71	106	95	0	211	28	29	0	208	79	65	0	219
10:10:00	36600	265	257	0	855	6	3	0	141	27	32	0	66	105	89	0	227	31	39	0	200	96	94	0	221
10:15:00	36900	178	244	0	789	5	4	0	142	20	25	0	61	75	95	0	207	21	34	0	187	57	86	0	192
10:20:00	37200	180	205	0	764	2	6	0	138	17	20	0	58	89	88	0	208	20	32	0	175	52	59	0	185
10:25:00	37500	189	205	0	748	2	7	0	133	25	31	0	52	82	81	0	209	22	32	0	165	58	54	0	189
10:30:00	37800	169	221	0	696	6	6	0	133	18	14	0	56	61	88	0	182	20	40	0	145	64	73	0	180
10:35:00	38100	182	213	0	665	9	10	0	132	18	22	0	52	71	94	0	159	20	29	0	136	64	58	0	186
10:40:00	38400	176	201	0	640	6	9	0	129	20	24	0	48	74	72	0	161	24	20	0	140	52	76	0	162
10:45:00	38700	235	174	0	701	14	9	0	134	16	15	0	49	89	72	0	178	42	27	0	155	74	51	0	185
10:50:00	39000	206	197	0	710	6	7	0	133	21	21	0	49	83	81	0	180	27	27	0	155	69	61	0	193
10:55:00	39300	194	205	0	699	9	9	0	133	24	24	0	49	83	84	0	179	27	29	0	153	51	59	0	185
11:00:00	39600	225	195	0	729	5	12	0	126	23	18	0	54	94	76	0	197	40	25	0	168	63	64	0	184
11:05:00	39900	234	223	0	740	13	16	0	123	19	20	0	53	87	88	0	196	42	26	0	184	73	73	0	184
11:10:00	40200	223	191	0	772	12	7	0	128	25	20	0	58	98	83	0	211	37	33	0	188	51	48	0	187
11:15:00	40500	251	233	0	790	8	9	0	127	23	24	0	57	77	98	0	190	47	32	0	203	96	70	0	213
11:20:00	40800	210	214	0	786	8	8	0	127	14	11	0	60	63	91	0	162	46	30	0	219	79	74	0	218
11:25:00	41100	233	236	0	783	17	22	0	122	19	18	0	61	69	73	0	158	35	38	0	216	93	85	0	226
11:30:00	41400	292	240	0	835	19	27	0	114	41	24	0	78	88	74	0	172	54	31	0	239	90	84	0	232
11:35:00	41700	353	272	0	916	21	19	0	116	50	48	0	80	110	81	0	201	47	51	0	235	125	73	0	284
11:40:00	42000	339	291	0	964	22	9	0	129	55	38	0	97	83	96	0	188	55	43	0	247	124	105	0	303
11:45:00	42300	501	320	0	1145	22	15	0	136	64	48	0	113	156	97	0	247	68	39	0	276	191	121	0	373
11:50:00	42600	497	400	0	1242	15	15	0	136	67	55	0	125	157	118	0	286	71	58	0	289	187	154	0	406
11:55:00	42900	538	414	0	1366	20	21	0	135	65	52	0	138	190	121	0	355	71	50	0	310	192	170	0	428
12:00:00	43200	461	428	0	1399	27	23	0	139	43	60	0	121	140	122	0	373	64	65	0	309	187	158	0	457
12:05:00	43500	404	410	0	1393	21	24	0	136	32	51	0	102	148	124	0	397	51	46	0	314	152	165	0	444
12:10:00	43800	419	446	0	1366	21	29	0	128	38	38	0	102	155	142	0	410	57	55	0	316	148	182	0	410
12:15:00	44100	226	388	0	1204	9	16	0	121	16	35	0	83	83	131	0	362	34	55	0	295	84	151	0	343
12:20:00	44400	209	363	0	1050	12	30	0	103	23	38	0	68	60	130	0	292	30	49	0	276	84	116	0	311
12:25:00	44700	179	314	0	915	8	24	0	87	19	26	0	61	60	105	0	247	18	46	0	248	74	113	0	272
12:30:00	45000	224	265	0	874	11	19	0	79	28	24	0	65	79	83	0	243	36	47	0	237	70	92	0	250
12:35:00	45300	274	272	0	876	8	16	0	71	27	28	0	64	97	88	0	252	42	56	0	223	100	84	0	266
12:40:00	45600	223	271	0	828	10	16	0	65	31	20	0	75	76	91	0	237	29	47	0	205	77	97	0	246
12:45:00	45900	338	293	0	873	17	21	0	61	37	32	0	80	129	102	0	264	48	38	0	215	107	100	0	253
12:50:00	46200	311	295	0	889	10	19	0	52	38	42	0	76	127	111	0	280	39	40	0	214	97	83	0	267
12:55:00	46500	347	282	0	954	15	12	0	55	29	26	0	79	125	98	0	307	56	44	0	226	122	102	0	287
13:00:00	46800	366	317	0	1003	13	10	0	58	40	25	0	94	135	121	0	321	65	43	0	248	113	118	0	282
13:05:00	47100	363	284	0	1082	18	10	0	66	44	38	0	100	123	105	0	339	48	41	0	255	130	90	0	322
13:10:00	47400	375	317	0	1140	14	11	0	69	50	49	0	101	159	110	0	388	45	44	0	256	107	103	0	326
13:15:00	47700	334	338	0	1136	13	8	0	74	36	41	0	96	111	118	0	381	60	58	0	258	114	113	0	327
13:20:00	48000	321	318	0	1139	11	6	0	79	44	34	0	106	95	130	0	346	52	41	0	269	119	107	0	339
13:25:00	48300	314	295	0	1158	11	7	0	83	38	40	0	104	122	102	0	366	32	42	0	259	111	104	0	346
13:30:00	48600	262	323	0	1097	10	6	0	87	29	43	0	90	84	128	0	322	41	45	0	255	98	101	0	343
13:35:00	48900	261	310	0	1048	12	23	0	76	21	32	0	79	106	116	0	312	42	47	0	250	80	92	0	331
13:40:00	49200	247	275	0	1020	8	15	0	69	28	25	0	82	93	110	0	295	32	43	0	239	86	82	0	335
13:45:00	49500	273	309	0	984	12	17	0	64	33	37	0	78	103	104	0	294	41	47	0	233	84	104	0	315
13:50:00	49800	276	277	0	983	9	14	0	59	38	23	0	93	105	102	0	297	34	38	0	229	90	100	0	305
13:55:00	50100	261	275	0	969	8	16	0	51	33	28	0	98	108	94	0	311	35	40	0	224	77	97	0	285
14:00:00	50400	272	273	0	968	17	10	0	58	34	32	0	100	111	115	0	307	34	32	0	226	76	84	0	277
14:05:00	50700	246	256	0	958	7	8	0	57	22	29	0	93	97	102	0	302	38	35	0	229	82	82	0	277
14:10:00	51000	244	258	0	944	9	5	0	61	30	25	0	98	79	100	0	281	38	45	0	222	88	83	0	282
14:15:00	51300	172	244	0	872	6	13	0	54	14	27	0	85	67	94	0	254	39	32	0	229	46	78	0	250
14:20:00	51600	204	247	0	829	7	11	0	50	20	23	0	82	74	88	0	240	44	42	0	231	59	83	0	226
14:25:00	51900	181	226	0	784	3	3	0	50	14	20	0	76	73	103	0	210	36	42	0	225	55	58	0	223
14:30:00	52200	163	207	0	740	5	5	0	50	18	22	0	72	72	84	0	198	27	37	0	215	41	59	0	205
14:35:00	52500	190	224	0	706	5	10	0	45	21	20	0	73	83	93	0	188	36	38	0	213	45	63	0	187
14:40:00	52800	164	182	0	688	8	9	0	44	19	24	0	68	68	72	0	184	21	27	0	207	48	50	0	185
14:45:00	53100	244	218	0	714	10	6	0	48	37	31	0	74	90	81	0	193	32	39	0	200	75	61	0	199
14:50:00	53400	247	213	0	748	13	15	0	46	32	28	0	78	99	80	0	212	35	33	0	202	68	57	0	210
14:55:00	53700	253	240	0	761	5	9	0	42	32	35	0	75	87	91	0	208	47	42	0	207	82	63	0	229
15:00:00	54000	271	227	0	805	7	4	0	45	34	34	0	75	105	84	0	229	47	34	0	220	78	71	0	236
15:05:00	54300	243	229	0	819	10	2	0	53	25	29	0	71	97	86	0	240	49	33	0	236	62	79	0	219
15:10:00	54600	266	264	0	821	14	5	0	62	34	31	0	74	84	98	0	226	57	49	0	244	77	81	0	215
15:15:00	54900	229	232	0	818	8	10	0	60	29	33	0	70	77	97	0	206	38	25	0	257	77	67	0	225
15:20:00	55200	241	251	0	808	9	12	0	57	25	25	0	70	86	86	0	206	42	45	0	254	79	83	0	221
15:25:00	55500	220	215	0	813	8	10	0	55	22	24	0	68	87	84	0	209	31	33	0	252	72	64	0	229
15:30:00	55800	225	222	0	816	7	5	0	57	28	31	0	65	72	83	0	198	48	36	0	264	70	67	0	232
15:35:00	56100	235	235	0	816	6	5	0	58	35	21	0	79	81	74	0	205	42	54	0	252	71	81	0	222
15:40:00	56400	225	217	0	824	10	3	0	65	30	23	0	86	79	95	0	189	38	42	0	248	68	54	0	236
15:45:00	56700	320	241	0	903	8	7	0	66	40	37	0	89	107	93	0	203	69	34	0	283	96	70	0	262
15:50:00	57000	286	236	0	953	10	10	0	66	30	29	0	90	118	67	0	254	49	52	0	280	79	78	0	263
15:55:00	57300	332	284	0	1001	16	7	0	75	43	40	0	93	103	104	0	253	70	43	0	307	100	90	0	273
16:00:00	57600	342	293	0	1050	9	17	0	67	35	41	0	87	126	95	0	284	72	40	0	339	100	100	0	273
16:05:00	57900	363	279	0	1134	16	5	0	78	41	31	0	97	127	88	0	323	74	53	0	360	105	102	0	276
16:10:00	58200	335	287	0	1182	10	7	0	81	37	27	0	107	131	117	0	337	71	42	0	389	86	94	0	268
16:15:00	58500	246	271	0	1157	7	8	0	80	21	38	0	90	100	108	0	329	46	40	0	395	72	77	0	263
16:20:00	58800	324	276	0	1205	9	11	0	78	39	26	0	103	129	101	0	357	67	61	0	401	80	77	0	266
16:25:00	59100	255	263	0	1197	7	5	0	80	23	23	0	103	86	106	0	337	60	55	0	406	79	74	0	271
16:30:00	59400	293	262	0	1228	11	3	0	88	34	38	0	99	112	87	0	362	63	61	0	408	73	73	0	271
16:35:00	59700	267	291	0	1204	9	3	0	94	33	37	0	95	114	109	0	367	50	63	0	395	61	79	0	253
16:40:00	60000	273	255	0	1222	6	5	0	95	32	26	0	101	110	102	0	375	51	45	0	401	74	77	0	250
16:45:00	60300	393	290	0	1325	12	2	0	105	48	36	0	113	171	121	0	425	71	60	0	412	91	71	0	270
16:50:00	60600	369	294	0	1400	12	3	0	114	39	34	0	118	154	126	0	453	75	54	0	433	89	77	0	282
16:55:00	60900	368	320	0	1448	10	7	0	117	39	32	0	125	147	131	0	469	88	60	0	461	84	90	0	276
17:00:00	61200	393	294	0	1547	15	6	0	126	40	36	0	129	176	116	0	529	84	59	0	486	78	77	0	277
17:05:00	61500	424	328	0	1643	15	8	0	133	55	31	0	153	182	137	0	574	82	50	0	518	90	102	0	265
17:10:00	61800	427	350	0	1720	19	9	0	143	57	44	0	166	177	146	0	605	82	64	0	536	92	87	0	270
17:15:00	62100	299	337	0	1682	12	9	0	146	36	42	0	160	135	144	0	596	49	60	0	525	67	82	0	255
17:20:00	62400	326	348	0	1660	9	13	0	142	26	44	0	142	163	152	0	607	76	64	0	537	52	75	0	232
17:25:00	62700	318	338	0	1640	10	14	0	138	43	45	0	140	137	159	0	585	57	63	0	531	71	57	0	246
17:30:00	63000	327	326	0	1641	8	11	0	135	26	31	0	135	149	146	0	588	72	71	0	532	72	67	0	251
17:35:00	63300	284	332	0	1593	6	13	0	128	30	34	0	131	129	154	0	563	56	66	0	522	63	65	0	249
17:40:00	63600	286	320	0	1559	8	13	0	123	39	35	0	135	134	152	0	545	53	68	0	507	52	52	0	249
17:45:00	63900	315	290	0	1584	10	9	0	124	41	32	0	144	138	128	0	555	47	64	0	490	79	57	0	271
17:50:00	64200	324	350	0	1558	10	11	0	123	33	45	0	132	173	155	0	573	38	67	0	461	70	72	0	269
17:55:00	64500	344	341	0	1561	13	11	0	125	43	31	0	144	157	139	0	591	62	85	0	438	69	75	0	263
18:00:00	64800	306	328	0	1539	15	13	0	127	39	39	0	144	137	148	0	580	59	64	0	433	56	64	0	255
18:05:00	65100	309	322	0	1526	10	7	0	130	43	36	0	151	122	146	0	556	64	67	0	430	70	66	0	259
18:10:00	65400	293	334	0	1485	7	6	0	131	48	41	0	158	124	159	0	521	59	68	0	421	55	60	0	254
18:15:00	65700	249	284	0	1450	7	7	0	131	20	35	0	143	111	125	0	507	47	58	0	410	64	59	0	259
18:20:00	66000	258	284	0	1424	11	11	0	131	29	31	0	141	124	122	0	509	38	54	0	394	56	66	0	249
18:25:00	66300	271	335	0	1360	7	8	0	130	31	34	0	138	123	174	0	458	57	48	0	403	53	71	0	231
18:30:00	66600	226	261	0	1325	6	5	0	131	28	33	0	133	108	115	0	451	32	49	0	386	52	59	0	224
18:35:00	66900	228	281	0	1272	4	9	0	126	31	37	0	127	97	130	0	418	37	53	0	370	59	52	0	231
18:40:00	67200	218	270	0	1220	9	11	0	124	21	30	0	118	100	123	0	395	39	49	0	360	49	57	0	223
18:45:00	67500	226	234	0	1212	12	5	0	131	26	24	0	120	107	113	0	389	39	49	0	350	42	43	0	222
18:50:00	67800	222	265	0	1169	4	7	0	128	22	26	0	116	108	118	0	379	41	59	0	332	47	55	0	214
18:55:00	68100	217	264	0	1122	6	10	0	124	22	33	0	105	99	128	0	350	29	49	0	312	61	44	0	231
19:00:00	68400	207	249	0	1080	6	9	0	121	20	26	0	99	100	105	0	345	37	51	0	298	44	58	0	217
19:05:00	68700	224	252	0	1052	3	10	0	114	28	28	0	99	111	112	0	344	32	58	0	272	50	44	0	223
19:10:00	69000	210	230	0	1032	7	10	0	111	20	24	0	95	97	108	0	333	31	32	0	271	55	56	0	222
19:15:00	69300	153	235	0	950	4	7	0	108	14	29	0	80	76	106	0	303	30	41	0	260	29	52	0	199
19:20:00	69600	149	205	0	894	2	5	0	105	14	15	0	79	74	108	0	269	25	40	0	245	34	37	0	196
19:25:00	69900	146	195	0	845	6	10	0	101	12	20	0	71	82	82	0	269	19	47	0	217	27	36	0	187
19:30:00	70200	141	196	0	790	7	10	0	98	16	15	0	72	64	94	0	239	22	39	0	200	32	38	0	181
19:35:00	70500	130	192	0	728	5	5	0	98	21	17	0	76	55	102	0	192	18	30	0	188	31	38	0	174
19:40:00	70800	162	187	0	703	9	6	0	101	10	21	0	65	76	86	0	182	23	33	0	178	44	41	0	177
19:45:00	71100	155	151	0	707	9	11	0	99	18	13	0	70	80	70	0	192	14	22	0	170	34	35	0	176
19:50:00	71400	139	188	0	658	1	5	0	95	17	21	0	66	65	86	0	171	21	25	0	166	35	51	0	160
19:55:00	71700	137	165	0	630	4	6	0	93	12	14	0	64	57	81	0	147	19	28	0	157	45	36	0	169
20:00:00	72000	136	151	0	615	1	1	0	93	10	16	0	58	81	79	0	149	14	26	0	145	30	29	0	170
20:05:00	72300	153	140	0	628	4	6	0	91	21	14	0	65	74	61	0	162	22	21	0	146	32	38	0	164
20:10:00	72600	128	158	0	598	2	3	0	90	15	23	0	57	68	66	0	164	13	29	0	130	30	37	0	157
20:15:00	72900	105	148	0	555	4	2	0	92	11	17	0	51	50	77	0	137	17	24	0	123	23	28	0	152
20:20:00	73200	105	147	0	513	3	2	0	93	15	11	0	55	58	78	0	117	8	25	0	106	21	31	0	142
20:25:00	73500	95	117	0	491	2	5	0	90	16	16	0	55	48	44	0	121	5	20	0	91	24	32	0	134
20:30:00	73800	71	108	0	454	5	6	0	89	7	14	0	48	36	50	0	107	12	18	0	85	11	20	0	125
20:35:00	74100	84	111	0	427	1	2	0	88	10	16	0	42	42	52	0	97	11	16	0	80	20	25	0	120
20:40:00	74400	76	94	0	409	0	5	0	83	8	11	0	39	36	49	0	84	13	7	0	86	19	22	0	117
20:45:00	74700	90	73	0	426	5	6	0	82	6	6	0	39	43	33	0	94	16	8	0	94	20	20	0	117
20:50:00	75000	77	105	0	398	3	5	0	80	9	9	0	39	36	48	0	82	10	21	0	83	19	22	0	114
20:55:00	75300	63	81	0	380	1	4	0	77	3	10	0	32	38	37	0	83	10	15	0	78	11	15	0	110
21:00:00	75600	97	87	0	390	4	2	0	79	11	8	0	35	49	42	0	90	10	15	0	73	23	20	0	113
21:05:00	75900	83	89	0	384	1	4	0	76	6	8	0	33	43	45	0	88	15	10	0	78	18	22	0	109
21:10:00	76200	91	74	0	401	2	3	0	75	9	6	0	36	48	42	0	94	16	11	0	83	16	12	0	113
21:15:00	76500	60	68	0	393	2	4	0	73	9	7	0	38	30	37	0	87	5	7	0	81	14	13	0	114
21:20:00	76800	61	75	0	379	2	2	0	73	6	9	0	35	30	34	0	83	7	9	0	79	16	21	0	109
21:25:00	77100	60	85	0	354	1	4	0	70	9	8	0	36	32	45	0	70	3	11	0	71	15	17	0	107
21:30:00	77400	71	61	0	364	2	2	0	70	3	6	0	33	42	29	0	83	10	9	0	72	14	15	0	106
21:35:00	77700	67	76	0	355	2	2	0	70	6	5	0	34	36	38	0	81	7	11	0	68	16	20	0	102
21:40:00	78000	62	80	0	337	1	3	0	68	8	10	0	32	31	43	0	69	6	12	0	62	16	12	0	106
21:45:00	78300	92	71	0	358	4	6	0	66	9	9	0	32	44	29	0	84	14	10	0	66	21	17	0	110
21:50:00	78600	85	86	0	357	2	3	0	65	10	12	0	30	46	43	0	87	15	7	0	74	12	21	0	101
21:55:00	78900	91	86	0	362	6	4	0	67	7	11	0	26	47	40	0	94	16	12	0	78	15	19	0	97
22:00:00	79200	80	86	0	356	4	10	0	61	6	11	0	21	44	40	0	98	18	10	0	86	8	15	0	90
22:05:00	79500	100	73	0	383	1	7	0	55	14	7	0	28	55	36	0	117	9	10	0	85	21	13	0	98
22:10:00	79800	85	88	0	380	6	5	0	56	5	7	0	26	39	48	0	108	18	7	0	96	17	21	0	94
22:15:00	80100	69	84	0	365	1	2	0	55	6	10	0	22	40	49	0	99	7	7	0	96	15	16	0	93
22:20:00	80400	61	69	0	357	1	5	0	51	2	3	0	21	35	31	0	103	5	9	0	92	18	21	0	90
22:25:00	80700	50	81	0	326	0	1	0	50	3	5	0	19	27	39	0	91	7	13	0	86	13	23	0	80
22:30:00	81000	51	66	0	311	1	2	0	49	9	2	0	26	23	41	0	73	5	7	0	84	13	14	0	79
22:35:00	81300	48	77	0	282	0	2	0	47	4	8	0	22	28	37	0	64	4	20	0	68	12	10	0	81
22:40:00	81600	55	65	0	272	3	1	0	49	1	2	0	21	29	35	0	58	7	11	0	64	15	16	0	80
22:45:00	81900	58	70	0	260	6	8	0	47	3	3	0	21	33	32	0	59	2	11	0	55	14	16	0	78
22:50:00	82200	56	68	0	248	1	1	0	47	6	8	0	19	28	27	0	60	6	13	0	48	15	19	0	74
22:55:00	82500	45	63	0	230	1	3	0	45	5	11	0	13	22	25	0	57	8	10	0	46	9	14	0	69
23:00:00	82800	57	65	0	222	1	2	0	44	7	4	0	16	30	34	0	53	9	10	0	45	10	15	0	64
23:05:00	83100	41	42	0	221	0	4	0	40	3	3	0	16	21	22	0	52	7	3	0	49	10	10	0	64
23:10:00	83400	41	56	0	206	1	5	0	36	4	7	0	13	25	23	0	54	6	12	0	43	5	9	0	60
23:15:00	83700	22	34	0	194	0	1	0	35	0	3	0	10	14	22	0	46	3	3	0	43	5	5	0	60
23:20:00	84000	15	39	0	170	1	4	0	32	0	0	0	10	6	19	0	33	2	8	0	37	6	8	0	58
23:25:00	84300	14	39	0	145	0	0	0	32	1	4	0	7	8	21	0	20	3	6	0	34	2	8	0	52
23:30:00	84600	11	20	0	136	0	0	0	32	1	1	0	7	8	11	0	17	2	3	0	33	0	5	0	47
23:35:00	84900	18	26	0	128	0	0	0	32	1	3	0	5	10	11	0	16	1	9	0	25	6	3	0	50
23:40:00	85200	22	30	0	120	0	4	0	28	2	1	0	6	10	11	0	15	4	9	0	20	6	5	0	51
23:45:00	85500	5	35	0	90	1	5	0	24	0	1	0	5	4	10	0	9	0	9	0	11	0	10	0	41
23:50:00	85800	4	18	0	76	0	3	0	21	2	2	0	5	1	5	0	5	0	4	0	7	1	4	0	38
23:55:00	86100	4	9	0	71	0	2	0	19	2	1	0	6	1	3	0	3	0	2	0	5	1	1	0	38
24:00:00	86400	1	11	0	61	1	6	0	14	0	2	0	4	0	1	0	2	0	2	0	3	0	0	0	38
24:05:00	86700	2	13	0	50	1	7	0	8	0	1	0	3	0	2	0	0	1	1	0	3	0	2	0	36
24:10:00	87000	0	8	0	42	0	3	0	5	0	2	0	1	0	0	0	0	0	0	0	3	0	3	0	33
24:15:00	87300	1	4	0	39	0	2	0	3	0	0	0	1	0	0	0	0	1	1	0	3	0	1	0	32
24:20:00	87600	0	8	0	31	0	2	0	1	0	1	0	0	0	0	0	0	0	3	0	0	0	2	0	30
24:25:00	87900	2	5	0	28	0	1	0	0	0	0	0	0	0	0	0	0	0	0	0	0	2	4	0	28
24:30:00	88200	0	1	0	27	0	0	0	0	0	0	0	0	0	0	0	0	0	0	0	0	0	1	0	27
24:35:00	88500	0	0	0	27	0	0	0	0	0	0	0	0	0	0	0	0	0	0	0	0	0	0	0	27
24:40:00	88800	0	0	0	27	0	0	0	0	0	0	0	0	0	0	0	0	0	0	0	0	0	0	0	27
24:45:00	89100	1	3	0	25	0	0	0	0	0	0	0	0	0	0	0	0	0	0	0	0	1	3	0	25
24:50:00	89400	0	1	0	24	0	0	0	0	0	0	0	0	0	0	0	0	0	0	0	0	0	1	0	24
24:55:00	89700	1	3	0	22	0	0	0	0	0	0	0	0	0	0	0	0	0	0	0	0	1	3	0	22
25:00:00	90000	0	0	0	22	0	0	0	0	0	0	0	0	0	0	0	0	0	0	0	0	0	0	0	22
25:05:00	90300	1	2	0	21	0	0	0	0	0	0	0	0	0	0	0	0	0	0	0	0	1	2	0	21
25:10:00	90600	0	1	0	20	0	0	0	0	0	0	0	0	0	0	0	0	0	0	0	0	0	1	0	20
25:15:00	90900	0	0	0	20	0	0	0	0	0	0	0	0	0	0	0	0	0	0	0	0	0	0	0	20
25:20:00	91200	1	2	0	19	0	0	0	0	0	0	0	0	0	0	0	0	0	0	0	0	1	2	0	19
25:25:00	91500	0	0	0	19	0	0	0	0	0	0	0	0	0	0	0	0	0	0	0	0	0	0	0	19
25:30:00	91800	0	2	0	17	0	0	0	0	0	0	0	0	0	0	0	0	0	0	0	0	0	2	0	17
25:35:00	92100	0	0	0	17	0	0	0	0	0	0	0	0	0	0	0	0	0	0	0	0	0	0	0	17
25:40:00	92400	0	1	0	16	0	0	0	0	0	0	0	0	0	0	0	0	0	0	0	0	0	1	0	16
25:45:00	92700	0	0	0	16	0	0	0	0	0	0	0	0	0	0	0	0	0	0	0	0	0	0	0	16
25:50:00	93000	0	0	0	16	0	0	0	0	0	0	0	0	0	0	0	0	0	0	0	0	0	0	0	16
25:55:00	93300	0	1	0	15	0	0	0	0	0	0	0	0	0	0	0	0	0	0	0	0	0	1	0	15
26:00:00	93600	1	2	0	14	0	0	0	0	0	0	0	0	0	0	0	0	0	0	0	0	1	2	0	14
26:05:00	93900	0	0	0	14	0	0	0	0	0	0	0	0	0	0	0	0	0	0	0	0	0	0	0	14
26:10:00	94200	0	0	0	14	0	0	0	0	0	0	0	0	0	0	0	0	0	0	0	0	0	0	0	14
26:15:00	94500	0	0	0	14	0	0	0	0	0	0	0	0	0	0	0	0	0	0	0	0	0	0	0	14
26:20:00	94800	0	2	0	12	0	0	0	0	0	0	0	0	0	0	0	0	0	0	0	0	0	2	0	12
26:25:00	95100	0	0	0	12	0	0	0	0	0	0	0	0	0	0	0	0	0	0	0	0	0	0	0	12
26:30:00	95400	0	0	0	12	0	0	0	0	0	0	0	0	0	0	0	0	0	0	0	0	0	0	0	12
26:35:00	95700	0	0	0	12	0	0	0	0	0	0	0	0	0	0	0	0	0	0	0	0	0	0	0	12
26:40:00	96000	0	1	0	11	0	0	0	0	0	0	0	0	0	0	0	0	0	0	0	0	0	1	0	11
26:45:00	96300	0	0	0	11	0	0	0	0	0	0	0	0	0	0	0	0	0	0	0	0	0	0	0	11
26:50:00	96600	0	0	0	11	0	0	0	0	0	0	0	0	0	0	0	0	0	0	0	0	0	0	0	11
26:55:00	96900	0	0	0	11	0	0	0	0	0	0	0	0	0	0	0	0	0	0	0	0	0	0	0	11
27:00:00	97200	0	0	0	11	0	0	0	0	0	0	0	0	0	0	0	0	0	0	0	0	0	0	0	11
27:05:00	97500	0	0	0	11	0	0	0	0	0	0	0	0	0	0	0	0	0	0	0	0	0	0	0	11
27:10:00	97800	0	0	0	11	0	0	0	0	0	0	0	0	0	0	0	0	0	0	0	0	0	0	0	11
27:15:00	98100	0	0	0	11	0	0	0	0	0	0	0	0	0	0	0	0	0	0	0	0	0	0	0	11
27:20:00	98400	0	1	0	10	0	0	0	0	0	0	0	0	0	0	0	0	0	0	0	0	0	1	0	10
27:25:00	98700	0	0	0	10	0	0	0	0	0	0	0	0	0	0	0	0	0	0	0	0	0	0	0	10
27:30:00	99000	0	0	0	10	0	0	0	0	0	0	0	0	0	0	0	0	0	0	0	0	0	0	0	10
27:35:00	99300	0	0	0	10	0	0	0	0	0	0	0	0	0	0	0	0	0	0	0	0	0	0	0	10
27:40:00	99600	0	0	0	10	0	0	0	0	0	0	0	0	0	0	0	0	0	0	0	0	0	0	0	10
27:45:00	99900	0	0	0	10	0	0	0	0	0	0	0	0	0	0	0	0	0	0	0	0	0	0	0	10
27:50:00	100200	0	0	0	10	0	0	0	0	0	0	0	0	0	0	0	0	0	0	0	0	0	0	0	10
27:55:00	100500	0	0	0	10	0	0	0	0	0	0	0	0	0	0	0	0	0	0	0	0	0	0	0	10
28:00:00	100800	0	0	0	10	0	0	0	0	0	0	0	0	0	0	0	0	0	0	0	0	0	0	0	10
28:05:00	101100	0	0	0	10	0	0	0	0	0	0	0	0	0	0	0	0	0	0	0	0	0	0	0	10
28:10:00	101400	0	0	0	10	0	0	0	0	0	0	0	0	0	0	0	0	0	0	0	0	0	0	0	10
28:15:00	101700	0	0	0	10	0	0	0	0	0	0	0	0	0	0	0	0	0	0	0	0	0	0	0	10
28:20:00	102000	0	0	0	10	0	0	0	0	0	0	0	0	0	0	0	0	0	0	0	0	0	0	0	10
28:25:00	102300	0	1	0	9	0	0	0	0	0	0	0	0	0	0	0	0	0	0	0	0	0	1	0	9
28:30:00	102600	0	0	0	9	0	0	0	0	0	0	0	0	0	0	0	0	0	0	0	0	0	0	0	9
28:35:00	102900	0	0	0	9	0	0	0	0	0	0	0	0	0	0	0	0	0	0	0	0	0	0	0	9
28:40:00	103200	0	0	0	9	0	0	0	0	0	0	0	0	0	0	0	0	0	0	0	0	0	0	0	9
28:45:00	103500	0	0	0	9	0	0	0	0	0	0	0	0	0	0	0	0	0	0	0	0	0	0	0	9
28:50:00	103800	0	0	0	9	0	0	0	0	0	0	0	0	0	0	0	0	0	0	0	0	0	0	0	9
28:55:00	104100	0	0	0	9	0	0	0	0	0	0	0	0	0	0	0	0	0	0	0	0	0	0	0	9
29:00:00	104400	0	0	0	9	0	0	0	0	0	0	0	0	0	0	0	0	0	0	0	0	0	0	0	9
29:05:00	104700	0	1	0	8	0	0	0	0	0	0	0	0	0	0	0	0	0	0	0	0	0	1	0	8
29:10:00	105000	0	0	0	8	0	0	0	0	0	0	0	0	0	0	0	0	0	0	0	0	0	0	0	8
29:15:00	105300	1	1	0	8	0	0	0	0	0	0	0	0	1	0	0	1	0	0	0	0	0	1	0	7
29:20:00	105600	0	0	0	8	0	0	0	0	0	0	0	0	0	0	0	1	0	0	0	0	0	0	0	7
29:25:00	105900	1	1	0	8	0	0	0	0	0	0	0	0	1	1	0	1	0	0	0	0	0	0	0	7
29:30:00	106200	0	0	0	8	0	0	0	0	0	0	0	0	0	0	0	1	0	0	0	0	0	0	0	7
29:35:00	106500	0	0	0	8	0	0	0	0	0	0	0	0	0	0	0	1	0	0	0	0	0	0	0	7
29:40:00	106800	0	1	0	7	0	0	0	0	0	0	0	0	0	1	0	0	0	0	0	0	0	0	0	7
29:45:00	107100	0	1	0	6	0	0	0	0	0	0	0	0	0	0	0	0	0	0	0	0	0	1	0	6
29:50:00	107400	0	1	0	5	0	0	0	0	0	0	0	0	0	0	0	0	0	0	0	0	0	1	0	5
29:55:00	107700	0	0	0	5	0	0	0	0	0	0	0	0	0	0	0	0	0	0	0	0	0	0	0	5
30:00:00	108000	0	0	5	0	0	0	0	0	0	0	0	0	0	0	0	0	0	0	0	0	0	0	5	0
30:05:00	108300	0	0	0	0	0	0	0	0	0	0	0	0	0	0	0	0	0	0	0	0	0	0	0	0
