time	time	departures_all	arrivals_all	stuck_all	en-route_all	departures_av	arrivals_av	stuck_av	en-route_av	departures_bike	arrivals_bike	stuck_bike	en-route_bike	departures_car	arrivals_car	stuck_car	en-route_car	departures_pt	arrivals_pt	stuck_pt	en-route_pt	departures_walk	arrivals_walk	stuck_walk	en-route_walk
00:00:00	0	0	0	0	0	0	0	0	0	0	0	0	0	0	0	0	0	0	0	0	0	0	0	0	0
00:05:00	300	0	0	0	0	0	0	0	0	0	0	0	0	0	0	0	0	0	0	0	0	0	0	0	0
00:10:00	600	0	0	0	0	0	0	0	0	0	0	0	0	0	0	0	0	0	0	0	0	0	0	0	0
00:15:00	900	0	0	0	0	0	0	0	0	0	0	0	0	0	0	0	0	0	0	0	0	0	0	0	0
00:20:00	1200	0	0	0	0	0	0	0	0	0	0	0	0	0	0	0	0	0	0	0	0	0	0	0	0
00:25:00	1500	0	0	0	0	0	0	0	0	0	0	0	0	0	0	0	0	0	0	0	0	0	0	0	0
00:30:00	1800	0	0	0	0	0	0	0	0	0	0	0	0	0	0	0	0	0	0	0	0	0	0	0	0
00:35:00	2100	0	0	0	0	0	0	0	0	0	0	0	0	0	0	0	0	0	0	0	0	0	0	0	0
00:40:00	2400	0	0	0	0	0	0	0	0	0	0	0	0	0	0	0	0	0	0	0	0	0	0	0	0
00:45:00	2700	0	0	0	0	0	0	0	0	0	0	0	0	0	0	0	0	0	0	0	0	0	0	0	0
00:50:00	3000	0	0	0	0	0	0	0	0	0	0	0	0	0	0	0	0	0	0	0	0	0	0	0	0
00:55:00	3300	0	0	0	0	0	0	0	0	0	0	0	0	0	0	0	0	0	0	0	0	0	0	0	0
01:00:00	3600	0	0	0	0	0	0	0	0	0	0	0	0	0	0	0	0	0	0	0	0	0	0	0	0
01:05:00	3900	0	0	0	0	0	0	0	0	0	0	0	0	0	0	0	0	0	0	0	0	0	0	0	0
01:10:00	4200	3	0	0	3	0	0	0	0	0	0	0	0	2	0	0	2	1	0	0	1	0	0	0	0
01:15:00	4500	1	1	0	3	0	0	0	0	0	0	0	0	1	1	0	2	0	0	0	1	0	0	0	0
01:20:00	4800	0	1	0	2	0	0	0	0	0	0	0	0	0	1	0	1	0	0	0	1	0	0	0	0
01:25:00	5100	3	0	0	5	1	0	0	1	0	0	0	0	2	0	0	3	0	0	0	1	0	0	0	0
01:30:00	5400	2	1	0	6	1	0	0	2	0	0	0	0	1	1	0	3	0	0	0	1	0	0	0	0
01:35:00	5700	0	4	0	2	0	1	0	1	0	0	0	0	0	2	0	1	0	1	0	0	0	0	0	0
01:40:00	6000	0	0	0	2	0	0	0	1	0	0	0	0	0	0	0	1	0	0	0	0	0	0	0	0
01:45:00	6300	0	1	0	1	0	0	0	1	0	0	0	0	0	1	0	0	0	0	0	0	0	0	0	0
01:50:00	6600	0	1	0	0	0	1	0	0	0	0	0	0	0	0	0	0	0	0	0	0	0	0	0	0
01:55:00	6900	1	0	0	1	0	0	0	0	0	0	0	0	1	0	0	1	0	0	0	0	0	0	0	0
02:00:00	7200	2	0	0	3	0	0	0	0	0	0	0	0	2	0	0	3	0	0	0	0	0	0	0	0
02:05:00	7500	0	0	0	3	0	0	0	0	0	0	0	0	0	0	0	3	0	0	0	0	0	0	0	0
02:10:00	7800	0	2	0	1	0	0	0	0	0	0	0	0	0	2	0	1	0	0	0	0	0	0	0	0
02:15:00	8100	1	1	0	1	0	0	0	0	0	0	0	0	1	1	0	1	0	0	0	0	0	0	0	0
02:20:00	8400	1	1	0	1	0	0	0	0	1	0	0	1	0	1	0	0	0	0	0	0	0	0	0	0
02:25:00	8700	0	0	0	1	0	0	0	0	0	0	0	1	0	0	0	0	0	0	0	0	0	0	0	0
02:30:00	9000	0	0	0	1	0	0	0	0	0	0	0	1	0	0	0	0	0	0	0	0	0	0	0	0
02:35:00	9300	1	1	0	1	1	0	0	1	0	1	0	0	0	0	0	0	0	0	0	0	0	0	0	0
02:40:00	9600	0	0	0	1	0	0	0	1	0	0	0	0	0	0	0	0	0	0	0	0	0	0	0	0
02:45:00	9900	1	0	0	2	0	0	0	1	1	0	0	1	0	0	0	0	0	0	0	0	0	0	0	0
02:50:00	10200	4	0	0	6	0	0	0	1	0	0	0	1	4	0	0	4	0	0	0	0	0	0	0	0
02:55:00	10500	1	2	0	5	0	1	0	0	0	0	0	1	1	1	0	4	0	0	0	0	0	0	0	0
03:00:00	10800	0	0	0	5	0	0	0	0	0	0	0	1	0	0	0	4	0	0	0	0	0	0	0	0
03:05:00	11100	2	1	0	6	0	0	0	0	0	0	0	1	2	1	0	5	0	0	0	0	0	0	0	0
03:10:00	11400	1	1	0	6	0	0	0	0	0	0	0	1	0	1	0	4	1	0	0	1	0	0	0	0
03:15:00	11700	2	1	0	7	1	0	0	1	0	0	0	1	0	1	0	3	0	0	0	1	1	0	0	1
03:20:00	12000	1	2	0	6	0	0	0	1	0	0	0	1	1	2	0	2	0	0	0	1	0	0	0	1
03:25:00	12300	3	0	0	9	1	0	0	2	0	0	0	1	1	0	0	3	0	0	0	1	1	0	0	2
03:30:00	12600	2	3	0	8	0	0	0	2	0	0	0	1	2	3	0	2	0	0	0	1	0	0	0	2
03:35:00	12900	1	3	0	6	0	1	0	1	0	0	0	1	1	2	0	1	0	0	0	1	0	0	0	2
03:40:00	13200	3	1	0	8	0	0	0	1	0	0	0	1	3	1	0	3	0	0	0	1	0	0	0	2
03:45:00	13500	7	4	0	11	0	1	0	0	1	0	0	2	2	2	0	3	2	1	0	2	2	0	0	4
03:50:00	13800	7	1	0	17	2	0	0	2	0	1	0	1	4	0	0	7	1	0	0	3	0	0	0	4
03:55:00	14100	8	2	0	23	1	0	0	3	0	0	0	1	5	2	0	10	0	0	0	3	2	0	0	6
04:00:00	14400	10	4	0	29	0	0	0	3	1	1	0	1	6	3	0	13	2	0	0	5	1	0	0	7
04:05:00	14700	4	3	0	30	0	1	0	2	0	0	0	1	4	1	0	16	0	0	0	5	0	1	0	6
04:10:00	15000	4	4	0	30	1	0	0	3	0	0	0	1	2	2	0	16	0	2	0	3	1	0	0	7
04:15:00	15300	10	7	0	33	0	1	0	2	1	0	0	2	6	6	0	16	1	0	0	4	2	0	0	9
04:20:00	15600	10	6	0	37	1	0	0	3	1	0	0	3	5	4	0	17	1	0	0	5	2	2	0	9
04:25:00	15900	9	14	0	32	0	0	0	3	3	2	0	4	1	9	0	9	1	0	0	6	4	3	0	10
04:30:00	16200	10	6	0	36	0	1	0	2	1	0	0	5	3	2	0	10	2	0	0	8	4	3	0	11
04:35:00	16500	6	7	0	35	1	1	0	2	0	0	0	5	4	4	0	10	0	1	0	7	1	1	0	11
04:40:00	16800	9	8	0	36	3	0	0	5	1	0	0	6	2	6	0	6	1	0	0	8	2	2	0	11
04:45:00	17100	8	5	0	39	1	1	0	5	0	1	0	5	3	1	0	8	2	1	0	9	2	1	0	12
04:50:00	17400	9	8	0	40	0	4	0	1	1	0	0	6	6	2	0	12	1	1	0	9	1	1	0	12
04:55:00	17700	16	6	0	50	1	1	0	1	1	1	0	6	9	3	0	18	5	0	0	14	0	1	0	11
05:00:00	18000	15	9	0	56	2	0	0	3	0	1	0	5	8	5	0	21	3	1	0	16	2	2	0	11
05:05:00	18300	23	12	0	67	2	1	0	4	3	0	0	8	14	10	0	25	3	0	0	19	1	1	0	11
05:10:00	18600	23	14	0	76	2	2	0	4	0	1	0	7	10	10	0	25	6	0	0	25	5	1	0	15
05:15:00	18900	43	9	0	110	2	1	0	5	5	0	0	12	23	7	0	41	9	0	0	34	4	1	0	18
05:20:00	19200	43	24	0	129	4	2	0	7	6	0	0	18	24	17	0	48	6	3	0	37	3	2	0	19
05:25:00	19500	56	33	0	152	1	1	0	7	4	4	0	18	34	19	0	63	12	5	0	44	5	4	0	20
05:30:00	19800	52	28	0	176	4	1	0	10	5	3	0	20	26	21	0	68	11	1	0	54	6	2	0	24
05:35:00	20100	53	33	0	196	1	1	0	10	5	2	0	23	26	25	0	69	18	4	0	68	3	1	0	26
05:40:00	20400	51	28	0	219	1	1	0	10	6	4	0	25	31	19	0	81	8	1	0	75	5	3	0	28
05:45:00	20700	79	40	0	258	3	0	0	13	7	7	0	25	36	23	0	94	22	3	0	94	11	7	0	32
05:50:00	21000	86	52	0	292	3	3	0	13	9	2	0	32	38	32	0	100	24	9	0	109	12	6	0	38
05:55:00	21300	97	38	0	351	3	0	0	16	9	4	0	37	43	25	0	118	32	6	0	135	10	3	0	45
06:00:00	21600	96	49	0	398	3	1	0	18	8	2	0	43	50	35	0	133	29	6	0	158	6	5	0	46
06:05:00	21900	104	66	0	436	2	0	0	20	11	9	0	45	48	37	0	144	35	11	0	182	8	9	0	45
06:10:00	22200	135	59	0	512	4	1	0	23	8	7	0	46	64	35	0	173	38	9	0	211	21	7	0	59
06:15:00	22500	147	82	0	577	7	0	0	30	11	7	0	50	78	50	0	201	36	9	0	238	15	16	0	58
06:20:00	22800	165	88	0	654	6	0	0	36	10	10	0	50	82	51	0	232	43	16	0	265	24	11	0	71
06:25:00	23100	169	103	0	720	8	1	0	43	18	12	0	56	88	56	0	264	37	22	0	280	18	12	0	77
06:30:00	23400	195	117	0	798	9	4	0	48	19	8	0	67	87	68	0	283	61	21	0	320	19	16	0	80
06:35:00	23700	190	137	0	851	4	3	0	49	18	11	0	74	95	78	0	300	57	27	0	350	16	18	0	78
06:40:00	24000	224	139	0	936	6	3	0	52	23	14	0	83	106	88	0	318	61	22	0	389	28	12	0	94
06:45:00	24300	235	162	0	1009	10	1	0	61	32	17	0	98	97	92	0	323	65	36	0	418	31	16	0	109
06:50:00	24600	226	183	0	1052	5	0	0	66	31	21	0	108	92	112	0	303	66	40	0	444	32	10	0	131
06:55:00	24900	266	193	0	1125	8	3	0	71	39	34	0	113	107	87	0	323	81	38	0	487	31	31	0	131
07:00:00	25200	278	196	0	1207	13	1	0	83	44	35	0	122	106	93	0	336	76	46	0	517	39	21	0	149
07:05:00	25500	280	211	0	1276	11	3	0	91	38	27	0	133	120	93	0	363	64	61	0	520	47	27	0	169
07:10:00	25800	295	205	0	1366	5	1	0	95	42	38	0	137	130	88	0	405	73	53	0	540	45	25	0	189
07:15:00	26100	315	262	0	1419	15	2	0	108	35	43	0	129	133	121	0	417	75	63	0	552	57	33	0	213
07:20:00	26400	265	241	0	1443	11	2	0	117	32	35	0	126	114	104	0	427	65	53	0	564	43	47	0	209
07:25:00	26700	276	283	0	1436	12	12	0	117	44	36	0	134	107	133	0	401	63	65	0	562	50	37	0	222
07:30:00	27000	303	273	0	1466	8	3	0	122	38	41	0	131	100	109	0	392	90	80	0	572	67	40	0	249
07:35:00	27300	270	264	0	1472	15	5	0	132	26	30	0	127	98	106	0	384	57	75	0	554	74	48	0	275
07:40:00	27600	292	307	0	1457	10	9	0	133	41	37	0	131	111	116	0	379	63	82	0	535	67	63	0	279
07:45:00	27900	322	296	0	1483	17	13	0	137	27	34	0	124	115	113	0	381	66	73	0	528	97	63	0	313
07:50:00	28200	312	313	0	1482	13	9	0	141	41	37	0	128	109	115	0	375	66	82	0	512	83	70	0	326
07:55:00	28500	299	327	0	1454	12	12	0	141	43	31	0	140	97	110	0	362	55	87	0	480	92	87	0	331
08:00:00	28800	280	346	0	1388	9	6	0	144	29	38	0	131	97	120	0	339	56	87	0	449	89	95	0	325
08:05:00	29100	288	345	0	1331	11	11	0	144	39	37	0	133	88	120	0	307	48	85	0	412	102	92	0	335
08:10:00	29400	257	317	0	1271	7	10	0	141	26	43	0	116	80	105	0	282	46	60	0	398	98	99	0	334
08:15:00	29700	190	286	0	1175	3	5	0	139	34	35	0	115	53	91	0	244	35	68	0	365	65	87	0	312
08:20:00	30000	198	257	0	1116	6	7	0	138	28	34	0	109	70	88	0	226	35	54	0	346	59	74	0	297
08:25:00	30300	202	257	0	1061	9	11	0	136	30	22	0	117	60	84	0	202	37	62	0	321	66	78	0	285
08:30:00	30600	185	231	0	1015	1	4	0	133	26	27	0	116	68	88	0	182	37	39	0	319	53	73	0	265
08:35:00	30900	183	226	0	972	9	7	0	135	20	37	0	99	62	67	0	177	34	56	0	297	58	59	0	264
08:40:00	31200	208	221	0	959	12	7	0	140	28	28	0	99	64	69	0	172	44	54	0	287	60	63	0	261
08:45:00	31500	240	256	0	943	9	9	0	140	26	33	0	92	96	80	0	188	43	62	0	268	66	72	0	255
08:50:00	31800	224	236	0	931	4	1	0	143	22	23	0	91	101	91	0	198	31	50	0	249	66	71	0	250
08:55:00	32100	240	233	0	938	11	2	0	152	29	19	0	101	90	95	0	193	51	55	0	245	59	62	0	247
09:00:00	32400	256	245	0	949	7	0	0	159	29	33	0	97	96	87	0	202	49	45	0	249	75	80	0	242
09:05:00	32700	237	220	0	966	7	3	0	163	21	37	0	81	93	77	0	218	43	36	0	256	73	67	0	248
09:10:00	33000	255	240	0	981	10	4	0	169	27	33	0	75	100	80	0	238	39	43	0	252	79	80	0	247
09:15:00	33300	160	246	0	895	9	9	0	169	25	24	0	76	59	93	0	204	18	42	0	228	49	78	0	218
09:20:00	33600	171	226	0	840	8	3	0	174	14	22	0	68	70	90	0	184	28	44	0	212	51	67	0	202
09:25:00	33900	193	238	0	795	5	5	0	174	29	31	0	66	68	90	0	162	26	48	0	190	65	64	0	203
09:30:00	34200	202	200	0	797	7	4	0	177	25	24	0	67	76	75	0	163	30	38	0	182	64	59	0	208
09:35:00	34500	171	187	0	781	5	3	0	179	22	21	0	68	72	77	0	158	30	41	0	171	42	45	0	205
09:40:00	34800	174	213	0	742	8	5	0	182	16	27	0	57	55	75	0	138	38	40	0	169	57	66	0	196
09:45:00	35100	226	186	0	782	5	5	0	182	32	17	0	72	91	69	0	160	35	34	0	170	63	61	0	198
09:50:00	35400	247	196	0	833	5	3	0	184	18	24	0	66	102	74	0	188	54	28	0	196	68	67	0	199
09:55:00	35700	237	225	0	845	7	6	0	185	24	23	0	67	77	84	0	181	45	34	0	207	84	78	0	205
10:00:00	36000	280	238	0	887	9	3	0	191	38	27	0	78	107	86	0	202	39	39	0	207	87	83	0	209
10:05:00	36300	243	218	0	912	11	3	0	199	22	21	0	79	100	95	0	207	30	30	0	207	80	69	0	220
10:10:00	36600	273	267	0	918	12	6	0	205	31	37	0	73	105	92	0	220	38	36	0	209	87	96	0	211
10:15:00	36900	178	251	0	845	4	9	0	200	24	32	0	65	69	96	0	193	21	37	0	193	60	77	0	194
10:20:00	37200	179	199	0	825	6	9	0	197	16	23	0	58	85	70	0	208	20	41	0	172	52	56	0	190
10:25:00	37500	188	201	0	812	3	3	0	197	30	30	0	58	77	79	0	206	22	31	0	163	56	58	0	188
10:30:00	37800	165	216	0	761	7	5	0	199	21	18	0	61	54	84	0	176	20	38	0	145	63	71	0	180
10:35:00	38100	179	203	0	737	8	9	0	198	21	25	0	57	65	87	0	154	23	30	0	138	62	52	0	190
10:40:00	38400	176	204	0	709	2	5	0	195	20	28	0	49	73	74	0	153	28	19	0	147	53	78	0	165
10:45:00	38700	234	183	0	760	13	8	0	200	19	17	0	51	87	79	0	161	38	30	0	155	77	49	0	193
10:50:00	39000	208	201	0	767	7	6	0	201	25	22	0	54	81	76	0	166	27	32	0	150	68	65	0	196
10:55:00	39300	192	188	0	771	11	5	0	207	26	26	0	54	80	71	0	175	25	28	0	147	50	58	0	188
11:00:00	39600	223	183	0	811	3	5	0	205	26	18	0	62	88	77	0	186	44	20	0	171	62	63	0	187
11:05:00	39900	227	213	0	825	4	6	0	203	21	26	0	57	89	80	0	195	41	25	0	187	72	76	0	183
11:10:00	40200	216	198	0	843	7	5	0	205	29	22	0	64	91	82	0	204	36	35	0	188	53	54	0	182
11:15:00	40500	246	224	0	865	8	5	0	208	23	25	0	62	78	95	0	187	46	28	0	206	91	71	0	202
11:20:00	40800	206	204	0	867	9	4	0	213	18	19	0	61	62	82	0	167	47	30	0	223	70	69	0	203
11:25:00	41100	220	220	0	867	9	3	0	219	19	18	0	62	67	77	0	157	30	37	0	216	95	85	0	213
11:30:00	41400	285	222	0	930	15	7	0	227	44	25	0	81	80	79	0	158	53	29	0	240	93	82	0	224
11:35:00	41700	340	259	0	1011	11	3	0	235	51	52	0	80	106	82	0	182	48	52	0	236	124	70	0	278
11:40:00	42000	331	284	0	1058	16	5	0	246	63	42	0	101	77	91	0	168	53	39	0	250	122	107	0	293
11:45:00	42300	500	307	0	1251	24	8	0	262	64	54	0	111	155	88	0	235	77	43	0	284	180	114	0	359
11:50:00	42600	492	383	0	1360	16	5	0	273	71	55	0	127	147	112	0	270	73	58	0	299	185	153	0	391
11:55:00	42900	537	389	0	1508	19	3	0	289	63	49	0	141	192	120	0	342	66	51	0	314	197	166	0	422
12:00:00	43200	453	425	0	1536	22	7	0	304	50	65	0	126	128	119	0	351	72	72	0	314	181	162	0	441
12:05:00	43500	397	398	0	1535	15	5	0	314	36	51	0	111	141	133	0	359	60	45	0	329	145	164	0	422
12:10:00	43800	409	415	0	1529	24	5	0	333	39	41	0	109	159	145	0	373	51	61	0	319	136	163	0	395
12:15:00	44100	220	364	0	1385	7	4	0	336	16	36	0	89	78	124	0	327	36	54	0	301	83	146	0	332
12:20:00	44400	201	334	0	1252	11	6	0	341	21	39	0	71	54	127	0	254	33	53	0	281	82	109	0	305
12:25:00	44700	176	277	0	1151	11	7	0	345	19	23	0	67	53	87	0	220	23	50	0	254	70	110	0	265
12:30:00	45000	223	262	0	1112	10	8	0	347	30	24	0	73	78	92	0	206	31	45	0	240	74	93	0	246
12:35:00	45300	272	253	0	1131	8	6	0	349	30	33	0	70	94	74	0	226	43	52	0	231	97	88	0	255
12:40:00	45600	217	255	0	1093	12	5	0	356	27	17	0	80	77	93	0	210	28	48	0	211	73	92	0	236
12:45:00	45900	338	287	0	1144	18	11	0	363	37	31	0	86	132	106	0	236	48	42	0	217	103	97	0	242
12:50:00	46200	306	279	0	1171	10	9	0	364	39	39	0	86	124	104	0	256	49	43	0	223	84	84	0	242
12:55:00	46500	342	274	0	1239	16	6	0	374	30	30	0	86	118	97	0	277	64	47	0	240	114	94	0	262
13:00:00	46800	351	293	0	1297	12	3	0	383	40	28	0	98	130	111	0	296	64	45	0	259	105	106	0	261
13:05:00	47100	351	261	0	1387	12	5	0	390	46	38	0	106	119	90	0	325	54	43	0	270	120	85	0	296
13:10:00	47400	357	307	0	1437	12	1	0	401	48	46	0	108	153	118	0	360	42	45	0	267	102	97	0	301
13:15:00	47700	331	322	0	1446	14	7	0	408	41	37	0	112	106	116	0	350	57	55	0	269	113	107	0	307
13:20:00	48000	318	309	0	1455	16	7	0	417	45	40	0	117	89	113	0	326	48	48	0	269	120	101	0	326
13:25:00	48300	305	309	0	1451	15	4	0	428	43	46	0	114	106	113	0	319	34	45	0	258	107	101	0	332
13:30:00	48600	261	302	0	1410	9	2	0	435	27	47	0	94	86	120	0	285	43	39	0	262	96	94	0	334
13:35:00	48900	254	295	0	1369	10	6	0	439	22	31	0	85	97	117	0	265	43	46	0	259	82	95	0	321
13:40:00	49200	238	240	0	1367	9	3	0	445	25	21	0	89	94	93	0	266	30	42	0	247	80	81	0	320
13:45:00	49500	272	291	0	1348	12	3	0	454	34	37	0	86	98	99	0	265	44	55	0	236	84	97	0	307
13:50:00	49800	263	259	0	1352	10	2	0	462	33	24	0	95	97	94	0	268	37	41	0	232	86	98	0	295
13:55:00	50100	261	272	0	1341	14	3	0	473	32	29	0	98	105	105	0	268	38	44	0	226	72	91	0	276
14:00:00	50400	270	256	0	1355	13	3	0	483	32	32	0	98	113	109	0	272	43	34	0	235	69	78	0	267
14:05:00	50700	243	252	0	1346	14	4	0	493	15	32	0	81	99	98	0	273	36	40	0	231	79	78	0	268
14:10:00	51000	249	262	0	1333	16	14	0	495	33	25	0	89	70	105	0	238	41	42	0	230	89	76	0	281
14:15:00	51300	174	230	0	1277	3	12	0	486	15	25	0	79	68	76	0	230	38	37	0	231	50	80	0	251
14:20:00	51600	210	251	0	1236	15	25	0	476	18	25	0	72	72	82	0	220	49	36	0	244	56	83	0	224
14:25:00	51900	193	217	0	1212	13	18	0	471	20	22	0	70	65	83	0	202	32	41	0	235	63	53	0	234
14:30:00	52200	172	214	0	1170	11	16	0	466	21	22	0	69	71	75	0	198	29	38	0	226	40	63	0	211
14:35:00	52500	187	208	0	1149	6	9	0	463	22	20	0	71	80	84	0	194	38	36	0	228	41	59	0	193
14:40:00	52800	157	188	0	1118	7	11	0	459	22	22	0	71	63	72	0	185	21	32	0	217	44	51	0	186
14:45:00	53100	243	231	0	1130	14	7	0	466	36	32	0	75	85	88	0	182	34	40	0	211	74	64	0	196
14:50:00	53400	245	205	0	1170	13	5	0	474	36	33	0	78	91	73	0	200	35	37	0	209	70	57	0	209
14:55:00	53700	248	229	0	1189	8	11	0	471	33	31	0	80	89	84	0	205	43	40	0	212	75	63	0	221
15:00:00	54000	273	232	0	1230	9	12	0	468	32	34	0	78	104	83	0	226	49	41	0	220	79	62	0	238
15:05:00	54300	239	239	0	1230	8	8	0	468	24	27	0	75	93	89	0	230	49	33	0	236	65	82	0	221
15:10:00	54600	254	266	0	1218	9	5	0	472	35	34	0	76	81	91	0	220	57	54	0	239	72	82	0	211
15:15:00	54900	222	232	0	1208	5	11	0	466	28	34	0	70	74	96	0	198	40	23	0	256	75	68	0	218
15:20:00	55200	233	243	0	1198	8	15	0	459	22	21	0	71	84	85	0	197	44	44	0	256	75	78	0	215
15:25:00	55500	210	217	0	1191	6	11	0	454	22	21	0	72	81	83	0	195	34	38	0	252	67	64	0	218
15:30:00	55800	245	233	0	1203	21	39	0	436	30	29	0	73	71	67	0	199	50	35	0	267	73	63	0	228
15:35:00	56100	247	255	0	1195	15	36	0	415	38	20	0	91	83	68	0	214	43	53	0	257	68	78	0	218
15:40:00	56400	231	257	0	1169	13	26	0	402	30	25	0	96	83	102	0	195	37	45	0	249	68	59	0	227
15:45:00	56700	328	246	0	1251	13	26	0	389	41	38	0	99	99	80	0	214	75	31	0	293	100	71	0	256
15:50:00	57000	292	261	0	1282	12	16	0	385	29	31	0	97	118	90	0	242	55	53	0	295	78	71	0	263
15:55:00	57300	329	284	0	1327	15	13	0	387	45	43	0	99	102	93	0	251	74	43	0	326	93	92	0	264
16:00:00	57600	342	275	0	1394	6	9	0	384	34	40	0	93	125	89	0	287	76	41	0	361	101	96	0	269
16:05:00	57900	357	289	0	1462	11	9	0	386	47	28	0	112	121	94	0	314	77	54	0	384	101	104	0	266
16:10:00	58200	333	283	0	1512	10	8	0	388	34	27	0	119	136	113	0	337	76	49	0	411	77	86	0	257
16:15:00	58500	252	272	0	1492	12	13	0	387	21	37	0	103	103	107	0	333	43	40	0	414	73	75	0	255
16:20:00	58800	328	300	0	1520	11	17	0	381	35	31	0	107	130	118	0	345	63	60	0	417	89	74	0	270
16:25:00	59100	255	256	0	1519	14	9	0	386	20	25	0	102	87	94	0	338	60	50	0	427	74	78	0	266
16:30:00	59400	299	271	0	1547	8	11	0	383	35	36	0	101	106	84	0	360	73	73	0	427	77	67	0	276
16:35:00	59700	274	287	0	1534	19	13	0	389	28	32	0	97	114	96	0	378	55	66	0	416	58	80	0	254
16:40:00	60000	280	276	0	1538	10	14	0	385	31	23	0	105	111	120	0	369	51	45	0	422	77	74	0	257
16:45:00	60300	391	294	0	1635	14	12	0	387	49	36	0	118	162	102	0	429	77	68	0	431	89	76	0	270
16:50:00	60600	369	316	0	1688	11	8	0	390	49	38	0	129	152	133	0	448	71	63	0	439	86	74	0	282
16:55:00	60900	368	332	0	1724	11	14	0	387	41	37	0	133	144	125	0	467	84	63	0	460	88	93	0	277
17:00:00	61200	399	318	0	1805	16	12	0	391	39	39	0	133	173	132	0	508	87	61	0	486	84	74	0	287
17:05:00	61500	429	342	0	1892	25	24	0	392	55	29	0	159	180	137	0	551	80	49	0	517	89	103	0	273
17:10:00	61800	421	337	0	1976	16	14	0	394	55	46	0	168	171	126	0	596	87	64	0	540	92	87	0	278
17:15:00	62100	300	356	0	1920	19	14	0	399	37	45	0	160	134	158	0	572	46	60	0	526	64	79	0	263
17:20:00	62400	327	338	0	1909	9	14	0	394	26	42	0	144	161	139	0	594	74	66	0	534	57	77	0	243
17:25:00	62700	317	345	0	1881	11	8	0	397	36	52	0	128	147	162	0	579	60	67	0	527	63	56	0	250
17:30:00	63000	330	331	0	1880	8	18	0	387	26	25	0	129	155	156	0	578	66	65	0	528	75	67	0	258
17:35:00	63300	294	328	0	1846	10	19	0	378	26	35	0	120	133	137	0	574	54	64	0	518	71	73	0	256
17:40:00	63600	294	328	0	1812	17	26	0	369	40	33	0	127	135	150	0	559	55	62	0	511	47	57	0	246
17:45:00	63900	316	293	0	1835	14	12	0	371	37	36	0	128	135	119	0	575	51	66	0	496	79	60	0	265
17:50:00	64200	325	358	0	1802	14	22	0	363	35	43	0	120	164	153	0	586	38	69	0	465	74	71	0	268
17:55:00	64500	337	348	0	1791	14	12	0	365	39	34	0	125	156	141	0	601	58	85	0	438	70	76	0	262
18:00:00	64800	313	348	0	1756	18	23	0	360	33	39	0	119	145	153	0	593	58	68	0	428	59	65	0	256
18:05:00	65100	307	305	0	1758	14	12	0	362	38	33	0	124	123	133	0	583	67	62	0	433	65	65	0	256
18:10:00	65400	298	340	0	1716	10	9	0	363	45	38	0	131	124	159	0	548	61	74	0	420	58	60	0	254
18:15:00	65700	249	288	0	1677	11	10	0	364	18	37	0	112	104	122	0	530	46	57	0	409	70	62	0	262
18:20:00	66000	260	282	0	1655	5	6	0	363	30	29	0	113	131	132	0	529	37	58	0	388	57	57	0	262
18:25:00	66300	272	332	0	1595	11	15	0	359	31	29	0	115	120	166	0	483	56	48	0	396	54	74	0	242
18:30:00	66600	226	265	0	1556	7	12	0	354	30	35	0	110	103	111	0	475	37	45	0	388	49	62	0	229
18:35:00	66900	228	286	0	1498	8	9	0	353	29	36	0	103	91	132	0	434	40	56	0	372	60	53	0	236
18:40:00	67200	222	277	0	1443	9	16	0	346	23	30	0	96	98	124	0	408	46	50	0	368	46	57	0	225
18:45:00	67500	222	257	0	1408	12	16	0	342	27	22	0	101	103	125	0	386	39	52	0	355	41	42	0	224
18:50:00	67800	220	264	0	1364	9	15	0	336	26	26	0	101	99	113	0	372	41	55	0	341	45	55	0	214
18:55:00	68100	218	275	0	1307	10	11	0	335	17	32	0	86	100	138	0	334	33	51	0	323	58	43	0	229
19:00:00	68400	206	245	0	1268	7	8	0	334	21	21	0	86	100	103	0	331	35	55	0	303	43	58	0	214
19:05:00	68700	212	240	0	1240	4	8	0	330	26	28	0	84	102	108	0	325	30	56	0	277	50	40	0	224
19:10:00	69000	219	249	0	1210	8	7	0	331	23	25	0	82	100	124	0	301	29	35	0	271	59	58	0	225
19:15:00	69300	159	228	0	1141	7	5	0	333	14	25	0	71	80	104	0	277	29	42	0	258	29	52	0	202
19:20:00	69600	147	204	0	1084	5	8	0	330	15	15	0	71	73	102	0	248	25	40	0	243	29	39	0	192
19:25:00	69900	151	188	0	1047	6	5	0	331	14	17	0	68	85	96	0	237	18	42	0	219	28	28	0	192
19:30:00	70200	137	186	0	998	3	6	0	328	15	15	0	68	62	85	0	214	22	45	0	196	35	35	0	192
19:35:00	70500	135	182	0	951	9	11	0	326	22	15	0	75	54	88	0	180	23	31	0	188	27	37	0	182
19:40:00	70800	153	192	0	912	3	11	0	318	11	21	0	65	73	87	0	166	27	32	0	183	39	41	0	180
19:45:00	71100	153	146	0	919	9	9	0	318	19	11	0	73	78	66	0	178	13	24	0	172	34	36	0	178
19:50:00	71400	145	189	0	875	6	6	0	318	12	20	0	65	68	89	0	157	23	25	0	170	36	49	0	165
19:55:00	71700	141	172	0	844	8	7	0	319	10	17	0	58	64	81	0	140	19	28	0	161	40	39	0	166
20:00:00	72000	142	158	0	828	7	12	0	314	11	17	0	52	81	70	0	151	16	28	0	149	27	31	0	162
20:05:00	72300	151	146	0	833	3	6	0	311	20	17	0	55	72	62	0	161	26	25	0	150	30	36	0	156
20:10:00	72600	124	154	0	803	2	3	0	310	17	19	0	53	59	73	0	147	15	22	0	143	31	37	0	150
20:15:00	72900	112	146	0	769	1	4	0	307	14	17	0	50	53	70	0	130	17	28	0	132	27	27	0	150
20:20:00	73200	107	141	0	735	6	5	0	308	13	15	0	48	57	64	0	123	7	25	0	114	24	32	0	142
20:25:00	73500	95	124	0	706	1	4	0	305	14	14	0	48	47	49	0	121	12	24	0	102	21	33	0	130
20:30:00	73800	67	112	0	661	0	4	0	301	7	14	0	41	37	53	0	105	13	20	0	95	10	21	0	119
20:35:00	74100	82	119	0	624	4	7	0	298	10	18	0	33	42	54	0	93	10	17	0	88	16	23	0	112
20:40:00	74400	81	95	0	610	4	13	0	289	9	12	0	30	36	43	0	86	14	11	0	91	18	16	0	114
20:45:00	74700	93	81	0	622	5	8	0	286	10	7	0	33	46	37	0	95	13	8	0	96	19	21	0	112
20:50:00	75000	80	101	0	601	7	5	0	288	10	14	0	29	37	44	0	88	6	16	0	86	20	22	0	110
20:55:00	75300	68	87	0	582	4	8	0	284	5	9	0	25	37	37	0	88	7	16	0	77	15	17	0	108
21:00:00	75600	93	97	0	578	5	5	0	284	10	8	0	27	44	42	0	90	13	19	0	71	21	23	0	106
21:05:00	75900	80	92	0	566	4	6	0	282	8	8	0	27	41	47	0	84	12	11	0	72	15	20	0	101
21:10:00	76200	92	68	0	590	4	6	0	280	8	5	0	30	46	34	0	96	17	10	0	79	17	13	0	105
21:15:00	76500	58	71	0	577	4	6	0	278	7	9	0	28	29	36	0	89	6	9	0	76	12	11	0	106
21:20:00	76800	69	83	0	563	4	11	0	271	10	8	0	30	31	37	0	83	7	7	0	76	17	20	0	103
21:25:00	77100	59	87	0	535	3	10	0	264	8	8	0	30	28	38	0	73	2	11	0	67	18	20	0	101
21:30:00	77400	76	76	0	535	8	15	0	257	5	6	0	29	38	31	0	80	11	9	0	69	14	15	0	100
21:35:00	77700	66	78	0	523	1	4	0	254	7	5	0	31	37	41	0	76	6	10	0	65	15	18	0	97
21:40:00	78000	67	80	0	510	2	5	0	251	7	10	0	28	34	40	0	70	6	12	0	59	18	13	0	102
21:45:00	78300	87	66	0	531	3	3	0	251	9	8	0	29	42	33	0	79	14	5	0	68	19	17	0	104
21:50:00	78600	88	85	0	534	4	7	0	248	11	11	0	29	44	40	0	83	13	6	0	75	16	21	0	99
21:55:00	78900	97	89	0	542	7	11	0	244	7	10	0	26	49	34	0	98	17	11	0	81	17	23	0	93
22:00:00	79200	85	99	0	528	3	11	0	236	8	12	0	22	43	42	0	99	19	14	0	86	12	20	0	85
22:05:00	79500	102	70	0	560	3	5	0	234	12	8	0	26	55	37	0	117	10	11	0	85	22	9	0	98
22:10:00	79800	80	84	0	556	3	6	0	231	6	7	0	25	36	47	0	106	19	6	0	98	16	18	0	96
22:15:00	80100	69	79	0	546	3	3	0	231	7	7	0	25	36	44	0	98	7	7	0	98	16	18	0	94
22:20:00	80400	54	65	0	535	1	0	0	232	2	4	0	23	31	35	0	94	7	10	0	95	13	16	0	91
22:25:00	80700	53	79	0	509	1	4	0	229	3	5	0	21	28	35	0	87	7	15	0	87	14	20	0	85
22:30:00	81000	50	66	0	493	0	3	0	226	9	4	0	26	25	38	0	74	4	7	0	84	12	14	0	83
22:35:00	81300	51	75	0	469	2	5	0	223	2	8	0	20	29	35	0	68	5	17	0	72	13	10	0	86
22:40:00	81600	55	66	0	458	3	4	0	222	3	2	0	21	27	33	0	62	9	11	0	70	13	16	0	83
22:45:00	81900	56	65	0	449	3	1	0	224	3	3	0	21	33	35	0	60	3	12	0	61	14	14	0	83
22:50:00	82200	55	71	0	433	2	4	0	222	7	8	0	20	29	29	0	60	6	13	0	54	11	17	0	77
22:55:00	82500	44	62	0	415	0	2	0	220	7	12	0	15	20	24	0	56	6	10	0	50	11	14	0	74
23:00:00	82800	55	59	0	411	1	2	0	219	6	4	0	17	30	31	0	55	10	10	0	50	8	12	0	70
23:05:00	83100	44	47	0	408	3	4	0	218	5	4	0	18	20	23	0	52	6	5	0	51	10	11	0	69
23:10:00	83400	42	49	0	401	1	1	0	218	5	6	0	17	25	23	0	54	6	10	0	47	5	9	0	65
23:15:00	83700	24	42	0	383	1	1	0	218	1	3	0	15	14	26	0	42	3	5	0	45	5	7	0	63
23:20:00	84000	16	39	0	360	1	0	0	219	0	2	0	13	5	18	0	29	3	10	0	38	7	9	0	61
23:25:00	84300	15	40	0	335	0	2	0	217	1	4	0	10	8	18	0	19	3	8	0	33	3	8	0	56
23:30:00	84600	11	23	0	323	0	1	0	216	1	1	0	10	8	9	0	18	2	4	0	31	0	8	0	48
23:35:00	84900	18	26	0	315	0	0	0	216	1	4	0	7	10	12	0	16	0	8	0	23	7	2	0	53
23:40:00	85200	23	25	0	313	0	0	0	216	3	1	0	9	11	11	0	16	3	8	0	18	6	5	0	54
23:45:00	85500	4	31	0	286	0	1	0	215	1	3	0	7	3	10	0	9	0	8	0	10	0	9	0	45
23:50:00	85800	5	18	0	273	0	2	0	213	2	3	0	6	1	4	0	6	0	4	0	6	2	5	0	42
23:55:00	86100	7	12	0	268	1	3	0	211	2	1	0	7	1	4	0	3	0	2	0	4	3	2	0	43
24:00:00	86400	1	7	0	262	1	1	0	211	0	2	0	5	0	1	0	2	0	2	0	2	0	1	0	42
24:05:00	86700	3	13	0	252	1	2	0	210	0	2	0	3	1	3	0	0	1	1	0	2	0	5	0	37
24:10:00	87000	1	5	0	248	1	3	0	208	0	0	0	3	0	0	0	0	0	0	0	2	0	2	0	35
24:15:00	87300	9	10	0	247	8	9	0	207	0	0	0	3	0	0	0	0	1	1	0	2	0	0	0	35
24:20:00	87600	1	7	0	241	1	3	0	205	0	1	0	2	0	0	0	0	0	2	0	0	0	1	0	34
24:25:00	87900	8	13	0	236	5	8	0	202	0	1	0	1	0	0	0	0	1	0	0	1	2	4	0	32
24:30:00	88200	2	3	0	235	2	2	0	202	0	0	0	1	0	0	0	0	0	0	0	1	0	1	0	31
24:35:00	88500	1	7	0	229	0	7	0	195	0	0	0	1	1	0	0	1	0	0	0	1	0	0	0	31
24:40:00	88800	3	8	0	224	1	6	0	190	0	0	0	1	1	1	0	1	0	0	0	1	1	1	0	31
24:45:00	89100	3	11	0	216	1	5	0	186	0	0	0	1	0	1	0	0	0	0	0	1	2	5	0	28
24:50:00	89400	2	10	0	208	2	8	0	180	0	0	0	1	0	0	0	0	0	0	0	1	0	2	0	26
24:55:00	89700	1	6	0	203	1	4	0	177	0	0	0	1	0	0	0	0	0	0	0	1	0	2	0	24
25:00:00	90000	1	5	0	199	0	3	0	174	0	0	0	1	1	0	0	1	0	0	0	1	0	2	0	22
25:05:00	90300	1	4	0	196	0	2	0	172	0	0	0	1	0	0	0	1	0	0	0	1	1	2	0	21
25:10:00	90600	0	2	0	194	0	1	0	171	0	0	0	1	0	0	0	1	0	0	0	1	0	1	0	20
25:15:00	90900	1	1	0	194	0	0	0	171	0	0	0	1	0	0	0	1	0	0	0	1	1	1	0	20
25:20:00	91200	1	2	0	193	0	0	0	171	0	0	0	1	1	0	0	2	0	1	0	0	0	1	0	19
25:25:00	91500	1	1	0	193	0	0	0	171	0	0	0	1	1	1	0	2	0	0	0	0	0	0	0	19
25:30:00	91800	0	3	0	190	0	1	0	170	0	1	0	0	0	0	0	2	0	0	0	0	0	1	0	18
25:35:00	92100	2	5	0	187	1	2	0	169	0	0	0	0	1	2	0	1	0	0	0	0	0	1	0	17
25:40:00	92400	1	3	0	185	1	2	0	168	0	0	0	0	0	0	0	1	0	0	0	0	0	1	0	16
25:45:00	92700	1	4	0	182	0	2	0	166	0	0	0	0	0	1	0	0	0	0	0	0	1	1	0	16
25:50:00	93000	1	3	0	180	1	2	0	165	0	0	0	0	0	0	0	0	0	0	0	0	0	1	0	15
25:55:00	93300	2	3	0	179	2	2	0	165	0	0	0	0	0	0	0	0	0	0	0	0	0	1	0	14
26:00:00	93600	1	3	0	177	0	3	0	162	0	0	0	0	1	0	0	1	0	0	0	0	0	0	0	14
26:05:00	93900	1	3	0	175	0	2	0	160	0	0	0	0	1	1	0	1	0	0	0	0	0	0	0	14
26:10:00	94200	2	3	0	174	1	2	0	159	0	0	0	0	1	1	0	1	0	0	0	0	0	0	0	14
26:15:00	94500	1	2	0	173	1	2	0	158	0	0	0	0	0	0	0	1	0	0	0	0	0	0	0	14
26:20:00	94800	0	5	0	168	0	2	0	156	0	0	0	0	0	1	0	0	0	0	0	0	0	2	0	12
26:25:00	95100	0	4	0	164	0	3	0	153	0	0	0	0	0	0	0	0	0	0	0	0	0	1	0	11
26:30:00	95400	0	1	0	163	0	0	0	153	0	0	0	0	0	0	0	0	0	0	0	0	0	1	0	10
26:35:00	95700	2	2	0	163	1	2	0	152	0	0	0	0	1	0	0	1	0	0	0	0	0	0	0	10
26:40:00	96000	1	1	0	163	0	0	0	152	0	0	0	0	1	1	0	1	0	0	0	0	0	0	0	10
26:45:00	96300	2	3	0	162	2	3	0	151	0	0	0	0	0	0	0	1	0	0	0	0	0	0	0	10
26:50:00	96600	0	2	0	160	0	1	0	150	0	0	0	0	0	1	0	0	0	0	0	0	0	0	0	10
26:55:00	96900	0	0	0	160	0	0	0	150	0	0	0	0	0	0	0	0	0	0	0	0	0	0	0	10
27:00:00	97200	0	0	0	160	0	0	0	150	0	0	0	0	0	0	0	0	0	0	0	0	0	0	0	10
27:05:00	97500	0	0	0	160	0	0	0	150	0	0	0	0	0	0	0	0	0	0	0	0	0	0	0	10
27:10:00	97800	0	0	0	160	0	0	0	150	0	0	0	0	0	0	0	0	0	0	0	0	0	0	0	10
27:15:00	98100	0	1	0	159	0	0	0	150	0	0	0	0	0	0	0	0	0	0	0	0	0	1	0	9
27:20:00	98400	0	1	0	158	0	1	0	149	0	0	0	0	0	0	0	0	0	0	0	0	0	0	0	9
27:25:00	98700	0	3	0	155	0	3	0	146	0	0	0	0	0	0	0	0	0	0	0	0	0	0	0	9
27:30:00	99000	1	2	0	154	1	2	0	145	0	0	0	0	0	0	0	0	0	0	0	0	0	0	0	9
27:35:00	99300	1	3	0	152	1	3	0	143	0	0	0	0	0	0	0	0	0	0	0	0	0	0	0	9
27:40:00	99600	1	3	0	150	1	3	0	141	0	0	0	0	0	0	0	0	0	0	0	0	0	0	0	9
27:45:00	99900	1	3	0	148	1	3	0	139	0	0	0	0	0	0	0	0	0	0	0	0	0	0	0	9
27:50:00	100200	1	2	0	147	1	2	0	138	0	0	0	0	0	0	0	0	0	0	0	0	0	0	0	9
27:55:00	100500	1	3	0	145	1	3	0	136	0	0	0	0	0	0	0	0	0	0	0	0	0	0	0	9
28:00:00	100800	0	1	0	144	0	1	0	135	0	0	0	0	0	0	0	0	0	0	0	0	0	0	0	9
28:05:00	101100	2	4	0	142	1	4	0	132	0	0	0	0	0	0	0	0	1	0	0	1	0	0	0	9
28:10:00	101400	2	7	0	137	2	7	0	127	0	0	0	0	0	0	0	0	0	0	0	1	0	0	0	9
28:15:00	101700	2	4	0	135	1	4	0	124	0	0	0	0	1	0	0	1	0	0	0	1	0	0	0	9
28:20:00	102000	0	3	0	132	0	3	0	121	0	0	0	0	0	0	0	1	0	0	0	1	0	0	0	9
28:25:00	102300	3	8	0	127	2	6	0	117	0	0	0	0	1	1	0	1	0	0	0	1	0	1	0	8
28:30:00	102600	2	6	0	123	1	5	0	113	0	0	0	0	1	1	0	1	0	0	0	1	0	0	0	8
28:35:00	102900	4	6	0	121	1	4	0	110	0	0	0	0	2	1	0	2	1	1	0	1	0	0	0	8
28:40:00	103200	2	4	0	119	2	4	0	108	0	0	0	0	0	0	0	2	0	0	0	1	0	0	0	8
28:45:00	103500	3	5	0	117	1	3	0	106	0	0	0	0	2	2	0	2	0	0	0	1	0	0	0	8
28:50:00	103800	1	1	0	117	0	0	0	106	0	0	0	0	1	1	0	2	0	0	0	1	0	0	0	8
28:55:00	104100	4	5	0	116	2	4	0	104	0	0	0	0	2	1	0	3	0	0	0	1	0	0	0	8
29:00:00	104400	3	5	0	114	3	4	0	103	0	0	0	0	0	1	0	2	0	0	0	1	0	0	0	8
29:05:00	104700	1	5	0	110	0	4	0	99	0	0	0	0	0	0	0	2	0	0	0	1	1	1	0	8
29:10:00	105000	5	8	0	107	2	4	0	97	1	0	0	1	1	2	0	1	0	1	0	0	1	1	0	8
29:15:00	105300	1	7	0	101	0	5	0	92	0	0	0	1	1	0	0	2	0	0	0	0	0	2	0	6
29:20:00	105600	1	2	0	100	0	1	0	91	0	1	0	0	0	0	0	2	1	0	0	1	0	0	0	6
29:25:00	105900	3	3	0	100	1	1	0	91	0	0	0	0	1	1	0	2	1	1	0	1	0	0	0	6
29:30:00	106200	0	5	0	95	0	4	0	87	0	0	0	0	0	1	0	1	0	0	0	1	0	0	0	6
29:35:00	106500	2	4	0	93	2	4	0	85	0	0	0	0	0	0	0	1	0	0	0	1	0	0	0	6
29:40:00	106800	1	4	0	90	1	2	0	84	0	0	0	0	0	1	0	0	0	0	0	1	0	1	0	5
29:45:00	107100	2	2	0	90	2	2	0	84	0	0	0	0	0	0	0	0	0	0	0	1	0	0	0	5
29:50:00	107400	0	3	0	87	0	3	0	81	0	0	0	0	0	0	0	0	0	0	0	1	0	0	0	5
29:55:00	107700	1	2	0	86	1	1	0	81	0	0	0	0	0	0	0	0	0	1	0	0	0	0	0	5
30:00:00	108000	0	0	5	81	0	0	0	81	0	0	0	0	0	0	0	0	0	0	0	0	0	0	5	0
30:05:00	108300	0	0	0	81	0	0	0	81	0	0	0	0	0	0	0	0	0	0	0	0	0	0	0	0
